1225
3059
4755
4759
9697
9988
1659
9313
2400
9485
4663
1289
8651
5846
5359
5449
3956
5413
5793
80
1975
9510
8659
6539
7213
8011
343
2887
9392
9289
6385
2882
8561
9875
742
7298
8898
433
4808
3182
4395
3742
9009
1698
5188
7510
2549
1779
7386
8652
1530
4886
7861
9837
3417
7065
9081
3139
5449
2504
2494
8580
6332
9433
2728
7949
3039
9123
6038
4302
1883
3961
9223
3295
7500
4806
5770
2209
7482
1950
9890
7515
8595
1978
2851
3969
6795
5168
6259
1601
289
3518
4884
4363
6839
5738
5677
3027
5166
2369
4885
7715
5254
9892
7832
7399
6320
6553
6194
9467
2123
3495
2637
7321
4609
1595
4394
5350
6564
2794
7271
3501
8445
9452
8130
5206
4377
1684
6481
9885
8216
1899
7534
7955
1217
1976
2816
5024
2865
4687
5554
9684
6945
613
6613
9210
2655
7826
4205
6152
3446
4980
3309
2549
6934
4836
7532
8751
5891
576
3965
682
6538
7970
9845
9801
6013
5295
5805
2803
1035
5990
5015
2506
1440
5541
4389
9382
4987
8728
8258
5183
4728
957
8376
8806
8271
1965
6064
1951
6094
5417
4362
2286
692
3768
9223
2689
9639
700
678
4475
2420
9662
2671
7984
5299
747
2829
1736
640
1733
1230
6217
1832
3317
4893
468
7908
7835
9192
1121
459
3309
1956
6244
6461
6100
4427
9691
1866
3284
6686
6423
2099
1662
3324
983
2155
9498
4086
3922
1143
3034
5956
4713
5403
520
7193
5854
9610
1828
912
4975
1355
4794
1133
7199
3024
3808
8722
5316
3693
1846
2214
7126
9733
3572
3273
6702
7797
7859
2410
6382
2995
7215
536
9405
6781
1034
3840
4508
5755
342
1128
1859
2242
2349
6776
825
8502
7351
4833
6043
1693
9496
393
5249
2919
7452
4123
8005
7789
819
1671
8217
3110
1818
4967
5495
5018
3853
8676
2786
8939
4169
3352
5092
1642
2185
3273
6091
5702
8728
9774
2105
3793
8154
131
9826
5368
2147
94
757
9089
5006
2442
5005
7374
9135
5458
6783
5841
1497
4930
7450
1910
6943
7626
3162
5371
5586
7983
5871
2884
3964
2965
2594
4021
1433
1751
8270
2688
9269
7240
8101
1309
1290
6205
4315
4805
5911
2692
6315
847
1291
9561
4921
9477
857
8031
6590
307
5648
872
6696
2913
3751
9802
3100
3514
9528
2409
1749
6574
4196
9210
4988
4994
4406
4688
7555
3251
5722
6200
2116
8014
9230
8602
7056
2501
292
9732
3062
4407
9313
9228
1445
7762
1076
9821
697
7687
3225
6757
2285
5035
9033
2014
4345
5411
8848
6587
9137
8104
3661
826
3749
1672
234
2674
7031
6931
7337
3866
9520
4175
6075
1939
4144
892
1618
9019
7714
7384
2823
6425
2360
7145
2040
7149
5881
4319
1095
9175
5140
9722
8574
5342
9308
9555
6813
1926
5579
4398
6975
1400
7291
7905
818
6815
4414
2278
101
4247
5372
8164
3806
9922
404
1063
9654
5906
2537
5833
8136
50
2807
4325
5515
3399
5980
7026
362
1714
2120
3233
2192
94
6778
1655
2521
372
5723
6964
1169
2958
7614
4680
7618
128
7372
8390
1920
4749
7571
6584
166
8842
5545
2680
6941
5855
810
8144
6005
931
4564
4513
6374
8916
6311
7640
374
6817
5356
3730
1816
67
3487
3729
5834
4189
2122
3061
2407
903
9560
3723
6612
4007
999
3315
3057
6536
6697
6831
5940
6736
4651
8432
6823
1265
1956
2626
5929
7104
8442
4573
5270
7255
2903
3120
1314
8966
1570
2690
5534
6293
2813
9952
6258
8473
603
5277
6151
3123
1384
7106
4257
8211
8850
2633
1755
9493
4477
2927
9723
7282
8492
9389
5757
7610
1069
935
6821
5434
7081
4550
9638
587
8702
9516
9198
5081
7225
6247
2308
6409
6077
89
9078
4500
8093
4302
3272
6111
3956
5258
10
7593
2266
8488
2128
64
5641
2923
6620
6012
4874
7819
3976
3733
6589
6757
6633
933
9244
8589
7329
9582
4945
4093
6216
6804
7354
8905
4218
7903
8186
5800
8651
9461
4977
7222
3852
1418
6669
6935
8359
7674
7018
1757
1089
6192
1734
9098
5972
6471
2223
1743
2638
2404
7141
4859
707
4630
1902
8718
6784
1542
5677
3395
3415
643
9055
3211
9110
4191
1991
6749
3259
2747
6814
7831
3782
5041
6376
9535
2891
241
9956
8063
3898
5068
3079
3508
7745
5438
604
3371
1583
6654
6141
4512
1335
9415
8667
4161
8070
1652
679
2770
7775
3913
262
5676
2363
8130
384
3914
8321
6939
2482
7157
2007
9645
502
6302
7979
2492
2392
9515
6147
7561
8311
1014
5070
7235
1397
3346
3588
8236
1150
4567
905
8504
2803
6163
1233
2143
6764
8668
5340
4043
9666
624
4246
2119
1202
7480
3242
9774
3301
4781
4428
9544
139
5385
6155
2988
6648
8925
7716
3345
9119
4336
8787
8261
5054
4141
3040
7078
2911
2406
6846
403
3
172
6904
2055
9163
6238
7422
3192
887
8642
5318
1528
7570
5884
5211
1373
6040
911
6995
3471
2348
5575
4408
3462
928
4873
8361
4272
4033
4679
760
5976
5596
8231
2052
2023
436
4649
335
7044
3226
2689
7899
7025
6600
1491
1219
8996
5242
537
5687
1397
3627
3162
744
4060
5612
1440
10000
6589
8712
4317
821
1029
6587
9730
7550
6008
5678
542
7146
6863
1694
9744
6666
2241
7373
3248
1609
4717
6291
8374
6002
8229
7765
4499
6325
5470
3705
4555
6621
4072
6238
4238
9823
8460
6636
1118
9742
5210
1589
4265
3907
3103
273
4236
4886
6397
2799
4013
8402
1133
1449
3523
2362
5942
5194
304
6104
6451
1369
175
5053
9380
3756
7020
4162
3246
1207
8470
2058
6054
7809
4041
9799
6539
982
9960
9993
3047
9594
4258
8998
1052
1883
6096
7164
8408
6098
2804
7580
5426
4116
4187
4888
5578
9685
1303
4016
236
7903
613
6872
6398
3577
9972
7941
2646
9140
7776
2354
6001
4955
2715
1927
6543
1966
5256
8447
5650
7356
6345
4229
8083
8854
9382
487
6499
8811
7921
7366
6701
706
8788
2526
2348
7588
4614
7016
5956
8753
1130
3582
1826
2801
543
3782
2970
7458
6971
3101
5297
8485
4426
7422
3495
3177
4413
9716
1022
3021
6901
7473
5921
1007
2288
833
1136
6666
4365
5457
9398
6327
1630
1582
2562
378
715
2396
9199
9164
811
2579
8145
9119
7244
1411
249
3605
8738
7279
8980
4307
3284
1282
6371
1705
1148
6566
4616
4663
1200
7318
2345
4664
4748
3580
2573
4545
432
3863
253
6242
6857
2490
5492
4891
2928
4253
9475
1432
8258
2920
2496
1173
5931
4810
5979
7780
2177
9830
2340
3702
9981
6551
2895
3455
3849
3879
858
938
8880
8457
6774
6920
9867
3612
8677
8956
4897
6863
190
6609
8696
9604
7337
293
8238
3751
3509
1798
6599
721
8231
150
3194
7280
8800
6819
3152
4886
852
1069
4692
5878
3517
9511
3065
3535
5040
3019
7453
1803
7132
7831
8697
1647
9902
6839
9528
6298
4303
2619
7990
8576
9853
547
3936
4130
7962
7224
7492
5431
1429
7792
4494
2590
914
6396
491
3327
2369
5055
619
1788
6712
5967
7526
8992
1951
945
3696
8099
2504
3022
7142
7455
8231
8421
8001
2049
8353
3021
7877
5875
2247
8706
4161
3672
1661
1614
9234
6958
9747
2671
2014
722
4231
2838
1918
9947
7281
4259
8153
6247
3444
32
8569
6597
6081
3662
4994
4283
2143
5853
141
4852
2053
112
4272
475
7203
2773
876
6255
1125
1921
9888
2091
6171
2080
4109
8482
1743
8266
8365
296
8927
1848
2048
9647
9804
708
7376
1341
7407
2399
6959
6418
675
4012
1375
131
2016
2664
4995
8921
5565
9533
3798
6988
4420
3760
8667
7980
797
1252
1802
4492
9582
5510
2014
7127
9319
4800
2008
1319
8616
2558
8468
2591
8912
8304
9837
718
2679
3120
6542
6791
6682
4967
8395
8299
325
8736
9296
248
4214
6352
4854
7691
5617
3185
8360
1485
3539
7789
7473
5403
7545
4795
5103
996
6235
4986
4981
449
7552
4513
7313
7593
1766
4271
5593
765
8044
3537
2437
2190
6012
1254
5630
5452
2599
4046
3809
9884
1726
4803
9748
1777
693
5561
5533
3397
5305
3133
8941
2255
7321
7944
1376
1942
7789
9568
3932
8835
9774
8347
2031
9144
8222
8202
1440
2282
8021
9328
5486
342
6417
8011
624
538
8516
9645
8611
1925
7183
6081
1213
7343
4748
2036
7312
4632
1764
2764
8291
1015
9127
6758
2553
3490
5592
314
1401
8691
6878
8647
3917
7468
9395
4100
1771
323
4235
6967
3212
8446
3393
4496
3949
3962
4276
7997
7946
9347
2159
1768
3841
8634
3096
9776
9833
3498
5003
962
2066
298
6340
6720
4412
806
4715
9201
8907
856
2902
7299
9019
1934
1115
2402
946
9348
5120
2650
3359
1149
5317
8606
6365
1325
3199
2056
3156
2253
2478
8723
4889
7697
3687
796
6962
3715
4647
7900
7808
8735
4262
4562
9349
691
6619
1677
6562
3062
5526
9840
7968
9425
1601
7756
560
2522
2543
455
7789
4513
7854
4604
988
6658
3441
3049
1322
7198
5883
3134
1459
9818
8062
3023
5133
783
8428
6161
8155
2865
2161
8286
1220
1285
4308
2715
6579
421
6102
4629
148
291
2320
2604
3639
1314
1747
3287
8290
9338
2936
7367
3444
429
7401
881
2067
1614
1252
3522
8718
3389
8792
8270
2148
7068
4514
5254
213
465
7377
9202
5999
7504
4918
5660
8707
9728
2979
6456
471
4762
6548
5515
875
674
7184
2415
6559
7621
4468
3336
5863
2570
180
1881
7630
5720
6891
9843
3164
3700
2286
333
2623
3848
1181
235
7224
2868
9763
3472
4758
5827
3516
2968
5870
2989
6346
6835
5450
9164
4618
6939
4770
8094
3556
9738
9668
9507
2875
8008
7076
6096
5591
7307
6711
4742
1593
849
2122
5075
9181
3909
8570
9456
1992
7149
3286
3644
9793
4315
6728
8085
5558
9197
2375
6083
3669
5217
4525
4407
8501
4739
1295
8527
5263
6071
3026
1447
1342
5801
3768
3389
8046
5794
672
78
5339
9388
9649
6331
2572
6782
939
1578
7671
7679
8240
7312
5848
4325
9701
5552
9922
5428
5927
2784
3820
9644
1494
8461
446
1983
7607
3837
6438
1348
4010
8328
307
6139
2728
6868
9266
6471
8595
5320
2570
9846
2627
4608
20
2660
5062
7463
1376
6187
8484
9713
1054
9704
753
9311
5502
1261
7508
9199
8455
2403
1087
7592
8051
7925
8502
8753
8402
938
902
1773
6967
2638
1297
2838
7526
4056
6193
5205
8233
2393
9943
1399
7410
6002
8065
8595
4859
3930
625
756
9874
8947
2944
2322
6269
7383
5923
3639
832
6297
3835
6893
475
8193
4400
5457
87
7044
9454
522
139
8851
6032
8458
9250
4571
5782
779
1705
3250
9281
5019
6621
884
5901
2064
9255
864
6945
9406
7839
3202
2427
5210
100
3544
2854
841
3543
6408
9213
8042
9833
9348
3718
3972
4492
8520
571
6405
1057
4608
9096
9033
4425
4878
841
3404
5211
6466
8593
7650
4691
3903
3317
9503
4155
9991
7669
1344
6227
6730
2396
9283
1154
8962
2310
9834
6081
5392
1134
7485
7627
7659
4295
3540
6115
8400
5032
9347
9730
6185
7074
8858
4360
1766
2764
7019
6980
6442
1758
2523
7310
9644
8909
6533
9127
191
4748
9115
5759
3957
5111
9656
391
3447
2541
9131
4167
9862
9
1847
9217
404
8065
5169
7398
4333
8648
5984
429
702
7656
6346
7863
1578
4772
5709
7756
3656
2406
9061
1661
8080
4225
9314
9978
493
4085
1189
9423
6991
5212
1490
241
9081
4
6586
9559
8491
326
7004
3688
8775
1775
7798
9728
2681
7852
2810
3050
4813
7487
4368
4728
6755
4074
9083
25
7597
1391
119
3337
731
3712
131
22
4973
4824
8615
7170
3017
7884
8776
7245
3548
6718
7697
8314
712
2222
7862
8746
5062
234
8046
9320
7948
2023
4195
2264
1214
5834
7950
6008
8982
3636
7957
7290
6234
7866
2213
9953
1296
4226
1947
1936
5351
3972
7528
673
2224
7355
6784
331
7350
7836
51
1926
6894
7168
2065
1203
2409
3225
3570
8863
8573
772
1166
7541
4481
6285
4014
404
8135
253
7307
935
5077
9255
6212
3799
3789
3168
7656
3113
6091
4804
4205
9252
4641
7652
8446
1336
5854
5466
1658
4672
7550
1654
7055
2470
138
3017
9280
6521
7547
7182
6917
5451
8134
7994
5557
1000
8095
5552
9090
1890
2929
1841
1883
9674
2498
8025
8701
1958
2035
6206
7477
4034
2672
1106
7604
8447
4431
9686
8917
6021
1279
3763
5129
5046
5101
842
5508
8593
7757
8586
332
2425
8901
7407
7955
5379
5290
7945
2716
1261
7369
7507
9956
471
7693
8073
1025
1797
6860
9867
5252
8395
4934
8519
8749
227
1922
580
9313
5235
4319
223
5711
7744
7298
4313
6877
6350
5083
6121
3858
1694
5466
8071
4307
7329
5438
4079
8740
3422
8356
5606
4071
9660
2542
4769
6387
982
3631
590
4816
1099
3822
2185
181
321
9439
2867
2916
9359
4130
7055
2263
3991
281
6524
5336
257
1432
4546
6246
2410
7947
4823
9538
83
9574
2390
3101
7901
9814
7232
824
9415
3789
1291
9785
6783
8462
64
3593
8216
8558
1252
1524
3213
1800
8060
8869
6811
658
6983
7166
5086
1023
6315
2280
1033
618
1927
2648
21
1430
9244
1741
6616
2619
825
6725
670
967
9342
8739
9426
1226
2672
9565
9009
4973
8266
4049
4103
9006
5387
4318
6155
9830
8133
2763
4908
7341
3162
5368
972
9597
7407
6198
6389
8739
2857
9606
8390
9441
364
5401
4421
3596
7341
1065
1596
5790
4256
4267
5251
9360
5783
2649
9885
7948
7425
1528
9287
1153
1519
822
3216
4348
700
5951
2178
9831
6735
475
5056
328
1313
6365
6461
2858
2913
2698
5335
3163
4832
4795
8450
6472
6745
2922
4609
7711
9903
2868
527
7501
129
885
8960
2775
693
7474
6159
4304
3336
365
1381
7876
574
4809
3345
3265
5884
975
9208
3360
3244
9985
7181
6118
6424
6693
8738
2480
2161
7355
2182
330
3543
8215
1086
3759
8651
3974
4855
3569
6009
5999
8895
5810
8440
521
5818
1092
3164
9490
617
9641
815
8726
3278
8119
2342
2067
4382
6441
4988
1856
7796
3932
2950
5881
2892
3530
2711
7356
4982
8230
3159
7750
172
2463
6881
9364
9763
2774
802
342
8754
7884
8271
9727
4809
3816
3601
6556
4561
8201
7724
5355
395
5983
2737
1998
1304
3089
6160
8331
9040
367
1120
2049
4039
7823
4711
6190
4409
6554
7345
1609
2477
5450
3587
1425
725
4043
6476
9787
7422
7258
4925
4017
5583
9185
2517
6224
3524
2193
619
9668
9425
5396
2524
9358
1795
5920
3787
9392
8069
3025
947
5600
7495
632
5195
6966
4899
3628
2946
3634
8776
4599
2212
7110
1894
6569
6469
233
1067
5044
9438
9617
4763
1040
7125
1895
5146
1960
2704
3875
529
3571
9278
9091
5202
1966
4865
1062
506
8227
510
2844
4339
5999
1604
8463
3796
5673
26
2400
5277
7670
45
6968
1830
1440
2394
3112
6039
8136
2596
3319
8905
4094
4612
9168
6892
7309
9229
5903
47
5167
7805
6715
732
8224
7638
9642
3636
3288
9986
316
5594
3502
8308
98
9619
6380
295
5263
9514
632
7556
7216
2484
9704
7614
8987
1139
6832
4601
7403
5861
5484
4000
3789
1163
7436
319
8901
6538
167
6565
4050
6724
8969
8446
7436
3443
6811
7631
4221
6166
7072
5267
9630
9364
9328
9259
6953
9590
4727
3043
9190
8836
8960
5852
1229
3668
8130
2754
9013
7031
2768
3442
8202
495
2672
4001
55
2073
1947
4594
2416
2882
2177
256
5235
2387
9187
637
1405
4577
695
545
7955
2066
6120
8091
8998
6710
3366
2779
1367
5067
5458
4698
1445
1970
2082
8501
9731
6604
6631
5911
4081
1268
3328
1021
7008
9113
2247
2659
4251
2064
9036
7797
42
9952
2505
8273
2958
614
2284
9626
6901
8098
6168
180
617
4095
7076
7591
2997
6141
8029
6015
5296
1048
7057
3604
1623
9388
5106
4942
7067
5857
2253
929
6975
4890
4560
6086
5033
8369
5027
1000
1554
3881
9120
7168
9707
3424
7995
8441
5580
7588
2159
9860
9135
6075
9297
6609
5266
2537
7026
2805
6145
1689
6777
5013
2498
5529
3858
3356
7352
4044
8206
8880
7321
6650
4936
2848
6646
8576
4500
4289
8567
3050
6967
3037
1672
3498
1499
4331
508
7159
9484
1287
354
9344
5985
8957
3263
1416
1733
8620
822
1036
8782
1996
9482
5549
8969
2594
9831
2894
4023
5866
3725
2361
707
4478
6519
173
5302
8416
793
2440
8604
4410
3722
2481
5104
3847
7364
3661
6991
9055
8476
3127
3326
8851
1366
9745
9748
1487
1250
1231
4805
8572
6624
8672
885
3872
2514
772
5742
9798
419
511
7412
6838
6698
2874
1740
6965
7192
1962
56
8791
1336
9508
6519
4993
9513
5207
3275
7519
4463
9317
5780
6363
6379
4582
1654
4231
3446
9765
8128
8804
3104
9267
828
1417
2055
3577
4697
5928
3223
9293
120
785
1657
1303
964
6116
6301
3679
3519
655
1355
1682
9648
4521
3185
7145
8477
9634
6137
6533
3995
4646
4146
1271
2463
238
799
378
7628
2254
2900
275
4184
7959
8662
9787
5204
4756
4301
9504
214
7373
5588
7139
6123
1285
1348
5680
566
4476
8874
7500
616
912
821
2074
4201
5626
3238
1204
6833
9189
5488
4659
5600
7125
9082
7589
4014
1979
6916
3844
6147
4148
1484
5544
3262
8502
4910
5097
745
3653
4140
1184
4708
9919
1322
4382
5288
3926
2852
3744
5018
944
9353
3611
5290
5215
8806
4475
7644
4234
7069
8397
7192
6489
5501
9023
1906
3075
2626
1649
2623
7725
4820
6390
7659
4393
8078
4584
7921
2026
2558
4612
6676
45
5957
2479
2277
6827
3026
8632
2242
1479
8703
460
6951
9302
7219
1113
3921
8863
8453
533
2207
1258
6571
5876
7173
2702
8874
9058
4926
4282
9790
8441
3351
1495
8716
5743
247
3245
6031
343
1899
6837
4432
6775
8036
4523
5878
9273
4322
8529
4028
6023
1155
4404
4377
8656
9971
8938
9735
9392
2886
6506
5766
8190
7185
6675
4510
2071
5078
615
9141
4225
5645
2648
5363
8013
1482
6448
4056
3870
3780
3259
6272
8914
5844
5747
3558
6995
8489
2416
1615
2471
925
5915
7643
6231
7612
5122
6259
9676
3786
3817
7496
2977
4692
3166
9836
133
4662
1465
9717
80
4773
3809
1083
1009
5803
974
6343
929
6051
4396
6995
5639
6928
1513
8100
3468
2809
7791
4431
1688
4889
1512
7356
6597
7432
3253
6907
6920
8580
4343
2276
6419
2812
3614
8539
5492
4232
5480
4896
98
3061
9360
1512
1441
3169
7366
7266
55
7331
5112
1049
7321
3731
9836
9400
3586
5328
4594
4313
9836
1342
6589
7313
1863
3804
795
7312
1670
4648
700
7779
7580
3215
2430
484
9350
2922
1735
6204
7787
4949
1003
4302
2182
3694
7040
7551
4773
5296
8118
471
2906
5373
6264
9257
1314
5594
2978
8622
589
3967
1694
6207
2666
4405
6775
8070
9452
2531
4370
9466
9909
1475
1862
8271
5886
1306
6094
9292
2663
2573
2629
301
8542
825
1146
6116
562
8135
2328
1183
6006
2445
6342
3244
6606
9017
4804
5437
5538
4483
5339
3727
8809
4726
7483
2222
570
932
3035
1215
7896
3178
1782
9152
7984
5943
5415
7833
9740
4451
6017
5194
3709
455
6980
2548
2038
9036
3073
2488
6771
3174
2720
5686
4628
7108
3724
2552
3673
5054
2093
622
3483
8056
2776
3219
847
5568
1389
282
4078
1882
9966
9340
816
9303
943
1578
331
1910
4426
4877
7793
5093
1727
5255
2940
1252
4855
951
8322
8219
7222
3414
7207
3541
6934
157
5661
954
145
7535
5042
6303
2627
284
6955
3875
7522
6543
5869
6787
5610
1991
764
7332
2576
1505
902
3779
9873
5183
6234
4207
8737
9359
5728
6347
2840
5486
7515
1588
4387
3066
7065
8653
110
3197
3
7334
3079
2656
1206
4145
1742
1585
2346
3187
6261
2903
4929
5115
6965
1105
4546
3426
7500
1476
1632
2495
3632
6738
311
5591
2450
1565
1039
8459
2799
5643
2506
6553
4141
8639
5058
5264
7686
5695
5166
8622
5618
8635
3233
572
8782
2051
6747
9232
754
616
6823
5244
2210
8263
1514
5135
7147
4191
4871
6204
4007
1681
8418
6842
8426
2932
1126
2431
2983
9088
9300
2139
4471
1954
8960
4005
160
9006
6549
8471
3328
5546
4591
9309
8179
5117
4945
1908
7349
2249
929
9424
4631
1794
990
6009
5520
1340
14
8156
7090
9163
6252
3962
351
3018
9001
9522
7794
3244
128
2126
5331
220
7408
7227
7993
9786
7122
7854
8401
5376
2095
8147
6283
1219
1348
182
3938
6523
9776
4717
798
2942
8331
2673
7838
1978
7638
8740
785
773
4234
8305
2992
4204
732
2999
6532
8485
6237
7109
630
6068
3692
9674
1115
3857
5293
4359
2819
5522
6287
4687
501
8119
4800
3471
2153
6585
8606
3270
8836
2981
7670
5969
6857
9551
7095
4164
7280
4877
4777
5522
9770
8851
4588
3454
6274
9243
2778
3944
3542
6039
6882
2915
9211
109
2723
1457
9982
4127
7598
5142
4314
1107
8595
7107
6752
8248
9832
3037
311
4665
7498
6143
7307
539
507
5493
4908
168
5920
6116
9112
4288
8486
5304
890
9158
2269
6323
1867
4274
354
6416
7261
1942
1651
5754
1297
1804
4146
6223
9456
1055
7544
1202
1235
2000
3862
677
8504
994
657
1441
6894
7380
7832
3450
8125
9695
588
7972
4911
7961
2614
5134
7422
8269
8653
8633
3515
9232
224
4192
2017
5455
5408
2798
5692
1108
2098
9958
1480
6848
9322
196
5773
5328
3205
4469
4974
5032
5258
2395
7012
341
9645
1458
1974
1470
5134
3280
9843
3091
8434
3673
8697
3236
3831
5716
7055
6023
3249
5538
5720
6815
6464
2010
4111
8882
3680
6840
7911
4990
4971
499
3275
6775
581
6396
8130
4452
4900
6675
9633
1210
4960
7150
4933
247
7057
7210
8150
9345
6044
3403
7050
2322
142
5550
2643
8634
6291
4978
2123
7019
3974
2614
1381
5828
2038
4562
1078
2385
1342
8988
323
2923
8445
5425
3403
7354
3617
5677
4346
7673
5908
7668
6305
7240
6014
6779
8196
6415
7939
5635
5724
3963
7147
6800
6647
5369
3207
4137
6816
1780
1714
6897
9642
8458
5361
460
3789
1782
4774
27
6953
5214
1960
429
623
5286
1353
1092
1527
3891
7273
2000
4404
1402
7686
6852
395
9044
96
8555
4060
3949
3735
4851
2805
5275
2040
9288
6527
3231
346
9357
144
1869
6188
9775
3248
6078
9711
5733
5119
2469
6399
3508
1792
7456
1995
1397
8613
3857
3943
8717
7861
8944
490
6954
9506
2322
5169
4994
7819
1663
2517
5570
771
7273
7920
7837
6885
3010
3896
8410
4766
6180
1631
2272
2051
428
9801
7358
6390
9465
3214
6608
1951
8190
2856
3440
9880
729
248
3636
6701
3280
8938
917
7337
3090
3646
5916
743
7248
9681
1660
662
6020
4216
7497
8468
2909
7627
9009
9624
8578
4070
516
1486
9295
3266
1880
9530
9207
5303
1933
1248
7589
8039
4101
4549
3897
9830
1083
5064
8374
3922
2444
8716
4266
3880
7731
8566
7769
8064
3596
1916
617
6607
6890
4545
670
8402
7872
6724
4034
5740
5236
3078
9109
1730
1313
2683
2692
6869
1530
5736
6119
2495
1562
5268
5210
4996
8183
9912
987
773
2929
9721
3534
8907
1129
4743
7755
7369
971
5286
7515
5302
8923
3188
4929
870
7148
5905
3006
5187
7760
2847
2517
2096
8088
1538
318
5122
8146
7301
3360
8875
4023
3471
5159
527
2135
3480
9210
5
800
3571
8069
7050
6202
6305
6039
6745
1704
539
7091
1651
6499
2460
7873
5101
6136
603
5843
2563
6870
435
8871
5110
2018
1637
7643
4415
6234
5600
990
6330
1669
3583
5427
1451
4351
2437
8034
4308
6274
6923
344
2809
8250
1657
9202
3905
3880
2100
8357
7311
6530
7023
57
2039
6736
1763
5953
7866
491
4698
8041
7172
4585
9284
2188
3867
9208
4055
828
7775
9037
5768
1649
9994
8239
3517
198
1706
9585
2752
697
1879
5249
9068
609
8793
1054
3285
5389
3268
7926
902
5149
3555
309
4175
7347
7402
4461
5963
2903
5476
5678
7249
410
4507
5658
2605
9649
3278
5252
8501
4749
3905
7035
9187
368
6168
5851
3187
6197
4523
3977
9301
1438
6567
9732
5721
2914
4652
8691
2953
7220
6643
9507
6287
2845
9202
5526
6321
6983
5809
6138
1316
1618
2514
9312
8919
6365
9618
6197
5143
2262
6980
4527
9604
6757
9262
1297
5492
7657
5912
5629
2606
2336
329
970
288
3577
1753
9303
4858
7776
2953
1671
5671
7489
3266
2968
1813
2556
6068
9743
6554
5536
4675
1406
3777
2948
7606
3172
9665
1080
3939
890
4842
8877
8378
7189
1640
5946
5298
2975
7478
1999
7960
8097
1633
402
1636
8704
9649
4090
3936
8272
5195
8502
3855
2768
772
3980
4651
5459
8972
5293
1982
1829
8612
1412
9759
8964
8491
3163
5139
8580
5626
8292
8459
3485
4731
5524
8656
3852
8172
2234
3971
3966
6625
9390
9132
3369
2797
3905
5217
3027
9072
6024
8959
7023
4092
4681
8825
7296
5145
6301
5250
3295
7963
8270
3931
4716
3285
7946
8928
7626
4288
1093
9766
3287
2225
6047
6025
2256
9635
2182
2118
7644
732
1251
7762
3322
1995
7825
1959
4097
7057
7798
1839
7059
8792
3655
2670
7659
5580
8994
8962
646
4829
2961
2924
9689
9976
6417
7700
8661
3927
1256
8218
2061
2626
6333
4628
1961
1388
5933
3089
2138
2947
185
4218
478
6975
6519
687
9245
2698
383
4046
3623
6257
1271
8579
1518
2356
9781
2337
9398
5765
394
1933
7929
8400
3971
9950
9136
4357
1623
7234
5327
8030
90
1115
2635
4985
9445
7429
5718
6968
7781
5241
3660
7444
2761
8164
6591
4196
3958
1362
2165
5421
4698
4004
9835
8225
4600
1884
2237
6239
6255
6201
9438
4087
9310
7161
9479
6329
4562
3973
3226
1504
2573
2799
6209
3479
1004
1754
442
8468
1080
4648
3493
9602
4288
4583
3225
459
7959
77
2266
7610
6688
8730
6881
4120
5776
798
1330
7424
3658
4141
9483
1740
7760
195
1824
1047
225
6464
9197
3569
1003
4975
7414
6238
5128
7459
8601
1404
2861
7649
5119
7842
1044
8952
9854
7042
1037
980
3477
7940
8686
1321
9493
3473
1572
4329
7175
2370
7549
41
5895
8787
3849
7956
9826
3489
3465
2260
9843
4534
8958
8183
8856
6981
82
9501
5910
2277
1420
7317
8126
2276
8040
6829
9268
2926
1890
234
9646
2793
5868
1160
1324
97
8468
3561
2004
6965
3470
8083
4418
2436
4679
5893
5601
7241
6897
2139
6901
771
1452
9092
4430
4553
2144
4411
7494
3040
8857
73
2452
8814
5679
987
8843
5708
4554
7486
4827
4440
6868
6973
9561
7535
8620
8119
6913
8019
2419
3705
3061
8072
5510
8807
2185
9710
1066
3786
3733
3930
7702
4379
259
1658
2414
5852
5732
9779
7444
131
553
9888
8819
4940
1938
6232
412
1230
6579
1420
2910
8725
7735
6189
2388
6853
3554
5965
4695
4158
6195
5490
7941
1702
5882
1036
6207
9344
6591
6304
441
8646
8250
9609
9456
3970
2029
4903
2086
5499
2216
4948
2333
5287
2045
7400
9887
3921
3349
3025
8396
2612
846
8951
6187
4437
7642
2147
2950
6150
253
2648
2012
8059
2700
1800
5935
8829
3657
6911
3281
7708
356
5079
2261
8863
8470
9582
8536
9086
3620
6227
4980
3674
6385
7477
9781
3878
1473
4924
669
7601
2593
8711
4071
339
1197
7353
6261
3046
9326
1060
5903
6683
9965
3029
961
1667
5813
458
7983
7188
5587
5613
3177
7603
7185
1426
9509
5645
5924
2371
331
7363
7956
7250
4233
5363
9700
2054
3010
3871
585
7365
98
5285
4919
1093
389
6734
7911
8811
8179
9926
3312
7172
3302
1144
9756
1401
8089
2784
8536
8551
1919
1023
306
334
5201
1761
2931
2552
3111
1199
6300
1713
3939
5811
3991
8079
8608
805
6004
1255
4608
2330
4242
6998
3273
6562
5524
2472
9145
9881
7731
6611
9903
2344
4304
6388
4633
6122
8968
243
1491
5828
4888
3602
2851
8620
56
3010
1319
2787
4220
8877
9525
3637
5739
4007
8451
7890
2615
1966
5787
8253
5673
261
4997
8170
2692
2969
9999
5092
3658
4515
3738
439
1365
5299
8083
2726
8692
6935
1254
8697
3012
9202
1095
3061
2932
7889
7040
8059
5659
6974
3273
3881
9192
2604
1127
7455
436
898
9755
6038
7643
5032
967
5089
4688
2682
8262
2462
8875
89
5801
1821
9738
9047
6194
7109
8539
2349
9064
1762
51
1091
3999
9248
6589
1365
5077
1830
2363
7198
6170
5380
665
786
2396
9946
8703
1138
6034
384
6105
2498
5512
267
7499
6341
3316
4509
1860
7339
5982
1550
5125
5473
3097
9032
9052
6766
8125
3572
6203
8674
6628
6819
4276
7819
9562
5822
1351
7937
7011
2525
6040
2624
9525
5993
7795
6647
2007
5981
6196
2862
6220
3011
1828
9881
9856
8261
6521
3669
438
6059
1190
7385
1164
678
6544
5547
7772
888
4248
3788
4354
9068
6746
321
7714
6916
382
3056
6240
7231
2117
3165
7903
3073
4528
741
781
5914
908
8671
7667
2420
9729
6875
7010
9161
9277
6671
6954
2570
6019
6728
3660
6546
8968
3095
7845
8016
903
4641
1922
4165
553
922
3938
4553
7738
9124
6689
5360
2421
5108
1359
3940
5779
9147
2706
9692
8661
4414
921
7872
1976
8026
6005
1572
7969
2147
4892
6115
1142
9562
7816
8528
1180
9455
9703
8483
4884
3452
6884
3971
3616
2218
2184
