1 6455 4369 6953
2 3228 7592 6326
3 4793 1969 6942
4 3071 8315 4094
5 8119 5070 5325
6 8534 2150 2884
7 1389 1655 2935
8 4753 2324 2266
9 3590 5765 254
10 5631 6438 791
11 2465 672 7365
12 1776 2037 21
13 6156 197 1458
14 8126 1131 1043
15 5981 3875 2769
16 3421 6351 2385
17 1388 8517 9211
18 6725 9596 5474
19 2010 7066 4882
20 1347 849 2915
21 2872 3999 6273
22 1224 8353 1192
23 4880 5919 5601
24 8118 7826 1189
25 2404 5893 3721
26 3636 6151 3278
27 4200 3685 5048
28 4229 8510 7505
29 6181 4269 1697
30 7659 6816 8216
31 285 6921 7901
32 1993 1435 8186
33 6382 3081 6585
34 9062 6033 2684
35 5658 6460 8730
36 7910 3085 5855
37 5408 8358 2722
38 458 1982 5165
39 2159 2932 5374
40 6182 2062 4095
41 394 1241 925
42 7664 974 2481
43 9172 8151 9850
44 7614 5177 1021
45 5740 7401 3624
46 7196 8290 7739
47 2734 1314 5000
48 6303 786 2137
49 7849 7313 2141
50 8469 6316 9491
51 3458 4446 7758
52 8450 2110 2945
53 7880 5655 5002
54 217 4765 2753
55 6241 5550 9491
56 4438 2786 5894
57 5662 4991 8891
58 735 9526 1563
59 7687 3724 4984
60 6837 9347 1689
61 2213 7208 2950
62 5850 2857 4652
63 3335 8316 2144
64 5993 4970 2035
65 6493 9142 3088
66 1063 6040 1145
67 9691 3568 766
68 388 1176 5190
69 7848 1263 2540
70 1386 9526 781
71 1375 9005 9493
72 5163 5299 533
73 7295 94 4088
74 2798 5424 4610
75 2000 6316 4517
76 68 4026 2529
77 1610 943 5069
78 8563 9962 1344
79 5708 3081 6909
80 6639 2427 2048
81 9283 9867 4832
82 1376 1207 8240
83 1771 7651 5107
84 6298 8322 1568
85 4441 3804 6993
86 6838 306 8575
87 787 8575 2376
88 2077 9108 6944
89 3160 6347 5144
90 2472 5865 4116
91 8569 3429 497
92 360 2503 9594
93 7124 6422 9991
94 503 3110 8652
95 5936 6624 2223
96 914 1741 2120
97 4994 2714 9618
98 4251 1344 507
99 5625 4708 9489
100 3817 2539 2878
101 2653 5067 8006
102 4848 336 5985
103 615 6371 2979
104 5883 7405 4125
105 2014 9205 8918
106 7237 5004 6976
107 6474 8988 3289
108 359 1655 5879
109 4016 1656 3438
110 1976 9591 1728
111 9687 4846 5382
112 9403 4269 5928
113 367 7347 7757
114 5887 1502 4140
115 8871 6958 2524
116 3459 796 1024
117 8548 7114 9403
118 673 1912 2074
119 5497 7441 3415
120 9455 823 4914
121 7583 166 1798
122 1928 6036 5027
123 3383 3975 336
124 7087 4646 1559
125 5362 7305 1020
126 3038 4587 9392
127 8393 8629 8963
128 5296 579 8992
129 9335 4220 5787
130 1836 9384 6464
131 3257 2029 8481
132 3573 4844 4335
133 6627 6357 4711
134 3964 7439 4141
135 7156 2470 256
136 1913 1720 5033
137 1774 1234 1689
138 572 6380 7992
139 5063 5439 5011
140 1330 2928 7071
141 2528 4456 5816
142 1416 8517 1933
143 4791 1374 9844
144 880 2437 1191
145 119 1892 9007
146 3300 1098 5763
147 8651 6914 7745
148 1559 4274 8950
149 3994 7322 4106
150 3300 6596 9772
151 4107 1736 9315
152 5876 9552 6363
153 5963 8110 7714
154 2691 679 3422
155 742 8262 393
156 1389 551 5222
157 6706 5419 4201
158 7815 7432 4577
159 9801 5212 4776
160 2001 1618 4311
161 9856 4651 9574
162 8594 2246 9695
163 349 2603 1348
164 7571 9323 9600
165 9264 8138 4094
166 349 6487 2192
167 6406 5360 4893
168 2759 754 3579
169 7026 3924 9924
170 4624 2740 4391
171 2279 7589 7602
172 7633 717 1443
173 3335 9672 2087
174 5936 8916 9912
175 3685 481 5938
176 3524 8542 6004
177 1282 960 5062
178 4949 5131 2057
179 7858 4390 7081
180 163 5737 6098
181 1956 3087 387
182 9148 197 4839
183 3090 5932 301
184 8244 6400 805
185 5497 750 8619
186 1252 3354 5995
187 9206 7005 3092
188 8767 4077 5551
189 1924 8780 8920
190 4585 5440 6445
191 3362 1542 2738
192 3127 3316 5793
193 5890 7782 3417
194 3238 3115 8967
195 7260 6982 7571
196 290 6039 3907
197 6522 2343 4147
198 3339 514 1077
199 1152 7476 7594
200 2325 813 751
201 4438 7193 3867
202 8924 4065 2077
203 2873 3235 9028
204 4154 7047 1324
205 2007 3406 3244
206 2495 9447 8765
207 3712 8477 6779
208 9617 7541 3318
209 1918 4125 9461
210 3532 9812 7808
211 9247 9980 6600
212 8564 9432 1391
213 2930 8421 2002
214 4123 7868 1535
215 4488 8703 6565
216 4197 6300 7887
217 7063 5946 7624
218 7386 2934 6029
219 6945 519 503
220 5387 1888 2511
221 1851 305 304
222 1633 5817 5840
223 3982 5720 3820
224 1502 9235 3660
225 7024 4299 8008
226 5146 1645 1288
227 7660 6952 9146
228 6282 4889 5291
229 4091 2806 3014
230 2784 6418 8862
231 9667 6111 9824
232 2741 3192 323
233 2930 9725 6986
234 3126 6856 4350
235 5720 9208 915
236 108 8511 1874
237 7186 2375 5008
238 4196 4046 5427
239 4962 7553 5360
240 1823 665 1650
241 5107 1866 2568
242 7167 5762 6657
243 8957 3334 8738
244 778 8577 8320
245 6373 3450 912
246 8680 6666 4147
247 6156 114 49
248 510 9086 2461
249 4764 5658 4845
250 5251 5920 8607
251 4683 2728 936
252 7137 3072 5507
253 2728 8916 9478
254 3789 4616 521
255 6291 9936 4344
256 5969 1391 9872
257 468 9151 344
258 441 3783 7494
259 765 4728 5694
260 6635 4949 2855
261 5887 2619 3820
262 3995 2320 2787
263 9738 5932 9317
264 7400 1473 9473
265 7968 8051 5794
266 2072 3298 7598
267 6429 6353 4725
268 7533 9866 1094
269 6110 5771 8478
270 534 1044 6194
271 3923 3211 3822
272 4606 5910 9872
273 4476 9091 8576
274 528 7987 8151
275 3839 871 8774
276 9841 8880 6147
277 9972 4015 1861
278 3463 9161 6772
279 547 7151 370
280 91 8477 6942
281 114 8513 2611
282 4914 5741 1272
283 5920 3938 6879
284 2183 920 4068
285 5559 7487 6234
286 6223 3837 688
287 124 2684 6857
288 6359 2958 7464
289 5620 4480 4437
290 5253 5031 1837
291 9696 8164 4865
292 6950 3689 5380
293 8829 8995 9611
294 5652 8652 3617
295 1376 6834 269
296 3375 1408 9420
297 9849 3952 4815
298 1796 7196 781
299 3610 8650 7645
300 2551 6300 6958
301 2388 4519 2008
302 311 3793 3734
303 1271 1002 6913
304 7874 2712 6997
305 9046 4415 7223
306 2765 8424 4996
307 5792 2296 2518
308 26 2159 1813
309 6172 5851 8680
310 9671 8966 4607
311 3005 8729 4516
312 9074 7619 8750
313 2446 912 904
314 8959 3608 3550
315 9251 3545 6672
316 3339 8127 8539
317 5930 7750 8370
318 4789 6345 8424
319 1570 2039 3761
320 8556 9673 2770
321 4757 5184 6887
322 8603 1102 4670
323 6404 9882 9553
324 7203 6986 3178
325 1517 4167 444
326 8554 2707 7472
327 7221 4347 7687
328 8241 5414 1846
329 1857 3628 1678
330 5123 3185 1097
331 572 4031 1861
332 3316 4278 5749
333 885 1781 5127
334 2248 1929 1836
335 4826 1832 4891
336 7175 4023 1866
337 8037 3345 8400
338 9708 7635 1872
339 805 9008 9358
340 7785 922 2723
341 8064 997 692
342 9528 3008 618
343 322 4578 4868
344 2659 7463 4934
345 8807 7166 3984
346 7786 1091 5016
347 246 4749 7652
348 5920 9457 4398
349 483 7240 1015
350 3822 9319 7387
351 921 4465 4572
352 3957 9727 1704
353 3679 9738 9910
354 2938 361 2008
355 176 1106 5165
356 7617 8572 8733
357 4726 8873 1922
358 8485 4893 2813
359 457 3927 9226
360 5630 8834 3501
361 9146 8797 7142
362 8172 6776 5393
363 2164 4545 5642
364 2425 6320 5464
365 877 3897 8969
366 8791 1494 7847
367 6960 4843 2755
368 346 4771 3090
369 2322 4583 7657
370 6624 6441 7692
371 3113 2598 1411
372 474 5814 719
373 7214 5850 8572
374 6090 5960 3144
375 9831 7849 3206
376 3554 3260 504
377 3435 3146 7822
378 6487 880 4930
379 877 5942 8514
380 5199 2932 2080
381 7274 530 8174
382 7722 183 9353
383 884 2297 4527
384 6784 7107 5130
385 7298 4026 2425
386 867 5281 1005
387 7029 5011 6040
388 5749 1186 8614
389 3930 2497 7645
390 9021 7015 6680
391 8248 8206 4905
392 4402 8579 7666
393 9528 7696 8366
394 6747 2154 6635
395 8126 1628 8209
396 3818 7941 3644
397 6961 9780 1899
398 3826 1317 3792
399 4366 4604 6596
400 7766 105 5375
401 8831 6535 8523
402 7476 3990 5265
403 9128 3121 6371
404 8183 77 2031
405 1532 959 6928
406 1383 145 7257
407 796 6260 9906
408 2135 6121 3611
409 2559 7742 6780
410 3404 1942 1620
411 8590 3774 6371
412 5581 6462 9769
413 2257 6185 790
414 7409 7893 137
415 2262 9039 5144
416 9153 4222 4332
417 4607 521 2149
418 2953 8858 3289
419 7122 9431 367
420 6074 9327 6790
421 9988 6070 2380
422 228 2289 6856
423 5563 9736 9274
424 9033 8047 2044
425 5768 721 3146
426 4155 1895 3017
427 5334 5492 1995
428 9601 1491 8359
429 7199 5852 8622
430 6421 9304 8276
431 1408 4041 6940
432 4147 8779 3143
433 8731 1261 6605
434 8753 9368 2053
435 2144 6596 5217
436 1514 9168 5126
437 9276 1374 8606
438 1922 5897 5446
439 5196 4384 8061
440 8361 5477 8726
441 5997 165 8153
442 4895 4815 1471
443 3815 4008 9103
444 7457 7308 2358
445 3352 4765 5140
446 8265 197 1355
447 9739 9896 6708
448 3704 5222 3656
449 2214 6175 6969
450 3193 4554 399
451 7969 1622 9948
452 6789 1558 6090
453 9868 7750 751
454 7456 3198 8228
455 6248 8624 8658
456 6250 7633 7213
457 4216 6221 4561
458 8374 6584 3507
459 5656 223 1255
460 9444 9154 1454
461 72 297 9248
462 1482 9235 5892
463 3631 1189 3867
464 679 8064 5373
465 1435 8954 3179
466 6056 1027 2324
467 9669 8632 820
468 7286 6925 7716
469 7393 7655 2891
470 34 9069 1313
471 334 5813 655
472 1902 7105 8495
473 8671 6255 2112
474 3018 6001 3541
475 1694 1497 6150
476 8025 3769 8493
477 2532 9984 2035
478 7231 2275 2695
479 9562 7128 4081
480 8398 2953 808
481 774 3700 5679
482 35 5365 1610
483 6317 7063 4626
484 2383 5455 5290
485 6263 3290 2693
486 3982 9220 2819
487 3827 5808 7040
488 7219 7672 3363
489 2033 1827 8024
490 3443 368 6350
491 1883 4198 3943
492 3099 1841 3159
493 2603 4469 2527
494 7201 2219 1584
495 3321 3097 6103
496 1360 2482 3850
497 7137 1272 5129
498 7641 5047 2500
499 7280 1289 1426
500 1721 1926 3407
501 2223 7946 2877
502 1278 8114 846
503 8686 2412 2938
504 9837 9403 671
505 7103 5578 5956
506 4337 1956 1357
507 2276 274 5045
508 2494 3889 1635
509 29 2722 5110
510 8363 154 5787
511 4013 4931 3826
512 6820 9577 6969
513 7753 3452 868
514 9120 3547 4697
515 1748 3345 7148
516 4337 9186 5850
517 5639 350 9487
518 8106 5779 9722
519 4499 2811 8036
520 1151 6009 2293
521 5078 8056 5518
522 6487 8848 4809
523 8908 1442 356
524 9761 7416 971
525 6006 9942 2141
526 6848 9862 3525
527 8655 4365 9838
528 7756 5995 8813
529 9059 5883 3683
530 5142 7632 4691
531 2939 9001 2131
532 3652 2908 9426
533 1972 867 9726
534 1047 9881 2542
535 7235 5622 4362
536 1732 5398 6331
537 6989 7002 4148
538 8839 3398 4478
539 2571 5729 3619
540 4891 5547 4197
541 1214 8192 8082
542 1783 1157 1041
543 3209 8829 2310
544 2897 9625 8944
545 9882 5192 7446
546 6845 6958 4483
547 1959 1086 7904
548 3831 214 5683
549 5015 6907 6111
550 6599 3506 6068
551 8400 468 5523
552 4021 7577 975
553 1223 7898 8861
554 8427 417 3601
555 162 2796 8826
556 9637 4489 4328
557 2742 6999 5383
558 7544 2036 5191
559 116 2057 515
560 9332 1952 6665
561 5319 4823 1506
562 5887 6267 2148
563 5822 6728 9582
564 9469 9270 9697
565 2246 6127 6099
566 6077 8832 5763
567 9964 2865 8172
568 418 8278 6789
569 3055 4210 9134
570 3501 4587 6932
571 7699 9543 4110
572 5667 7122 5477
573 3382 6009 9229
574 8214 7085 7718
575 7763 9325 1982
576 7392 836 9660
577 9245 9640 8233
578 4280 8633 44
579 6802 5675 3061
580 943 9787 8915
581 8978 8127 2195
582 4426 2522 4476
583 1081 8390 4549
584 2364 3149 7221
585 2330 6566 7441
586 4102 4529 2758
587 9667 6039 212
588 9229 3329 9104
589 2967 2436 6831
590 1344 2414 1173
591 5489 6765 1985
592 3338 9960 8171
593 5463 9375 1776
594 2216 6101 9266
595 983 4709 9419
596 4142 4462 2332
597 8118 3955 7569
598 463 5891 3058
599 7211 2165 5375
600 5981 2752 3861
601 5172 4061 5103
602 9959 8576 8738
603 5396 2798 784
604 2550 6353 1466
605 7484 3472 4597
606 6510 1286 2697
607 198 980 8879
608 5987 6141 9338
609 7741 2118 9433
610 8781 3572 4963
611 5422 6329 1378
612 770 1610 6365
613 5799 69 8592
614 1400 7109 7396
615 382 6686 1505
616 1646 1345 4362
617 1443 2504 2983
618 1217 4024 6161
619 5414 1024 8671
620 5202 6120 4377
621 5690 3948 1442
622 4342 6881 3019
623 9473 2462 5399
624 9744 3534 9797
625 907 242 672
626 224 3987 1511
627 4961 6839 732
628 476 9597 739
629 7736 6870 9070
630 6638 1286 6563
631 1213 6183 647
632 2545 7850 4821
633 6589 8062 8782
634 859 3853 3765
635 2671 727 2947
636 2716 195 6624
637 5000 1216 9115
638 5543 3842 5070
639 7990 2336 6357
640 8965 3087 2396
641 1193 2426 3822
642 7422 5957 5812
643 8225 6381 8550
644 6697 3250 5747
645 5486 4415 641
646 1154 5259 1344
647 8635 1920 9796
648 5934 82 4395
649 2339 9535 9580
650 9647 4217 7061
651 6666 4957 5816
652 2449 3387 2107
653 3260 1199 7219
654 2569 3906 6674
655 4160 4712 631
656 9787 2380 5650
657 8043 7574 5311
658 4689 9676 7671
659 333 6398 3496
660 9263 4832 5110
661 7879 4737 3436
662 1564 8610 8595
663 8003 6001 7413
664 5199 1213 2116
665 6695 1930 6239
666 1090 8268 7670
667 6349 802 6596
668 2392 9588 9592
669 2156 3843 879
670 3879 2129 7976
671 6321 462 9276
672 946 7401 8916
673 1114 2953 1909
674 3596 2847 8477
675 5141 898 7050
676 756 5612 1175
677 5231 8501 1657
678 3463 6718 2341
679 978 9960 3902
680 7687 9726 4739
681 5632 7886 4290
682 3672 8030 3262
683 6884 35 1649
684 5665 9716 7958
685 9543 3669 755
686 5840 966 7858
687 2171 3865 9467
688 1706 6609 2477
689 338 8704 9657
690 3781 2448 7490
691 4591 7718 6619
692 2945 8009 3975
693 8649 9580 7549
694 412 5539 7975
695 604 5872 3163
696 553 8607 2436
697 1983 1440 9288
698 3456 1837 2877
699 4220 6877 5528
700 5565 8470 6639
701 9011 8420 303
702 9593 667 6009
703 2939 8602 9685
704 3763 5870 369
705 5226 2131 7562
706 650 9033 4665
707 9933 7716 4904
708 5985 1990 7701
709 8878 2202 9553
710 5718 6385 9767
711 8981 9622 9306
712 1375 134 5268
713 3378 6858 9888
714 1829 4372 5294
715 5113 4852 2327
716 4310 5891 7309
717 9205 1958 2490
718 2651 7665 59
719 9030 158 7265
720 1861 2836 8384
721 8771 7629 1403
722 8208 2093 7558
723 1067 5020 8778
724 3139 1596 702
725 7529 1577 2406
726 7958 8672 8482
727 6766 2518 3495
728 5142 4858 126
729 2503 8424 4389
730 6070 5868 6533
731 4246 5661 7839
732 9321 4901 7026
733 2849 6784 3038
734 3864 6268 2635
735 3663 203 3987
736 4292 4835 8587
737 9023 9078 1926
738 5342 7439 6716
739 6859 3893 854
740 5382 5645 3850
741 9790 6227 9406
742 3833 8089 2010
743 1020 6463 2463
744 8713 8481 2729
745 5097 2374 1803
746 6983 8222 2291
747 4746 8998 410
748 7183 727 8967
749 5763 1018 5941
750 2612 8557 3488
751 6046 1467 2198
752 7703 2071 9924
753 7498 2324 6770
754 1291 4647 9309
755 9059 328 1285
756 1873 9117 5250
757 8562 3456 4204
758 7710 6179 1225
759 1696 1344 8514
760 1134 7569 4792
761 9742 916 3234
762 7670 743 6960
763 8082 2926 7948
764 2359 4100 4656
765 6979 1854 4801
766 7528 3384 2056
767 6078 5947 4864
768 9879 5461 706
769 7572 2221 9347
770 8866 8811 1382
771 9344 9059 9140
772 7946 9604 4170
773 5111 9095 716
774 4997 1273 3128
775 4691 9279 9786
776 4382 7656 5642
777 6345 103 4127
778 3513 5406 3843
779 3221 8595 9131
780 7582 2360 5546
781 1785 3580 5062
782 8973 6272 9026
783 2231 2498 2493
784 5457 6878 4835
785 8214 1452 5122
786 8677 3924 8023
787 2528 5817 636
788 7981 3001 3880
789 8277 605 8333
790 3114 4975 9733
791 8953 9299 3654
792 2402 51 6501
793 4541 114 6967
794 6489 1790 7043
795 6091 5352 2629
796 3219 4936 8721
797 9738 6899 8823
798 5178 8719 8939
799 6631 449 2764
800 9327 3599 3875
801 4463 878 7702
802 4143 181 4418
803 6831 7988 6218
804 2869 5735 5710
805 4686 9972 614
806 4997 2131 9667
807 9022 3195 2428
808 9945 1806 1970
809 2656 8750 6474
810 4346 4691 2942
811 5788 9693 2000
812 5128 3748 5159
813 5264 1718 5183
814 7415 2236 3701
815 8800 7096 9173
816 2851 4370 5428
817 1148 2711 2367
818 9858 8632 8637
819 2600 9713 8933
820 7807 7190 1338
821 7756 7699 7738
822 9190 8157 5994
823 1422 6107 3532
824 1101 133 8063
825 9230 6188 6773
826 9410 5170 4940
827 3793 6611 59
828 9936 4686 3370
829 6189 4597 6034
830 6985 1262 1777
831 8518 4841 5986
832 2084 1971 574
833 47 7430 9407
834 3699 1278 9009
835 7593 3932 7539
836 5543 4405 4981
837 5726 3349 2731
838 9363 5821 4979
839 4427 7038 8553
840 6091 4546 135
841 5477 7416 7456
842 7578 4280 6820
843 2629 9528 8539
844 5777 5600 9958
845 7864 6434 7945
846 7388 4868 1165
847 192 9667 4430
848 6968 3625 140
849 3891 2051 3266
850 9597 653 3
851 200 4880 695
852 4897 1120 3530
853 1187 3895 1252
854 5939 8852 3890
855 3332 2233 2357
856 2078 6945 12
857 4709 9594 9883
858 1626 4344 2155
859 1904 1414 7639
860 9509 853 5976
861 7930 307 5953
862 3496 9538 4469
863 9312 7591 3670
864 1958 6336 7049
865 1457 8921 6353
866 2912 8340 1964
867 3160 2613 7512
868 2079 1946 3307
869 9533 3747 9761
870 6141 4660 8403
871 2058 9309 5733
872 3524 3328 708
873 1665 3094 1147
874 6334 1557 8876
875 924 9824 258
876 9965 6512 448
877 9178 2196 9900
878 9287 9563 2131
879 1473 2518 8301
880 8747 2244 7104
881 1102 8737 8232
882 105 9371 7285
883 1021 8089 4346
884 9798 6647 2457
885 7035 6481 4134
886 7291 8049 9943
887 3371 5851 6534
888 1359 7962 7914
889 6352 6327 2263
890 9544 9347 2996
891 9687 4205 4962
892 8996 7378 7549
893 524 4216 9050
894 8467 597 3625
895 1200 20 6006
896 9662 5190 5712
897 6490 6839 8274
898 1526 7542 6759
899 1613 4264 3583
900 1032 9487 6133
901 6760 8457 4611
902 6592 6626 173
903 2677 9332 9587
904 9215 448 5933
905 8939 5876 5529
906 9584 3073 1816
907 5817 9405 6039
908 5015 1338 6604
909 5014 2992 7637
910 5217 6180 5359
911 5909 9642 8298
912 5963 8698 2831
913 1684 3498 4929
914 2992 9262 4291
915 3905 9035 7492
916 452 2562 9422
917 771 8627 3566
918 4565 9152 5351
919 6408 5305 3352
920 285 5631 8084
921 9452 160 1889
922 6900 8355 1727
923 6318 2474 4288
924 5239 4268 1590
925 3064 8751 2125
926 8994 5006 4155
927 373 4367 8100
928 2742 4441 847
929 9102 3031 7315
930 1104 3478 1568
931 9857 7184 8489
932 6056 4980 6757
933 7174 7729 5750
934 5750 3384 7971
935 1996 3841 9995
936 1634 5176 9401
937 4128 8461 6080
938 835 5787 5205
939 2220 2418 9977
940 3243 5615 3190
941 8079 5132 7688
942 9226 2830 5101
943 2432 6156 5289
944 7744 9625 1128
945 9048 7223 1398
946 5690 713 414
947 2593 8601 1765
948 6959 6239 4414
949 4526 2359 6301
950 9472 2035 7542
951 2548 6310 5850
952 5345 1151 1885
953 5372 7476 5164
954 3872 2691 3384
955 8875 2459 4247
956 3055 8039 4289
957 9424 5774 1774
958 5418 9380 4495
959 4797 9980 4150
960 2786 8725 9762
961 8777 2328 4536
962 6478 3549 4345
963 1156 6242 5922
964 7780 4830 8202
965 1240 8695 2280
966 5855 5095 2182
967 5171 5629 4308
968 7428 9760 9976
969 4013 9727 6579
970 8654 7073 3666
971 9723 2273 1710
972 3441 1607 3184
973 7669 9590 6774
974 8213 2473 8359
975 9259 1361 4199
976 4114 1906 5959
977 8519 195 5264
978 7757 6783 8958
979 4230 8255 6889
980 106 5246 5682
981 1593 4436 5904
982 6272 7845 6142
983 5741 985 6559
984 1108 4141 8426
985 5248 4469 9236
986 9903 670 7121
987 8509 5415 7170
988 3123 4298 858
989 9439 8006 6193
990 2013 6533 2358
991 5052 4685 8988
992 5908 1544 9943
993 7042 6448 8303
994 6511 7526 7454
995 1834 4765 5606
996 1600 3855 6257
997 1013 3680 1799
998 5224 3472 9185
999 3929 4788 9179
1000 8997 254 8132
1001 8534 18 93
1002 6168 -39 -8
1003 6945 53 59
1004 6404 -18 -19
1005 2687 28 25
1006 2202 -93 -50
1007 4703 17 71
1008 7262 -14 -79
1009 5095 5 57
1010 7215 -85 -50
1011 9404 3 64
1012 3373 -58 -8
1013 1821 16 31
1014 6283 -85 -66
1015 4929 7 13
1016 2260 -35 -18
1017 9905 30 40
1018 6904 -98 -81
1019 7754 30 89
1020 1542 -89 -73
1021 6010 49 42
1022 5600 -4 -22
1023 2398 69 42
1024 2270 -22 -96
1025 4375 30 41
1026 9943 -2 -45
1027 6212 86 19
1028 4685 -11 -29
1029 2670 4 51
1030 3230 -20 -20
1031 8351 42 1
1032 9848 -84 -88
1033 7173 79 12
1034 3719 -94 -48
1035 1226 83 15
1036 8224 -56 -48
1037 9256 56 64
1038 4870 -51 -33
1039 8047 99 27
1040 8057 -7 -21
1041 3254 0 94
1042 8911 -17 -89
1043 1071 90 14
1044 908 -62 -30
1045 9740 43 67
1046 8748 -88 -57
1047 1048 53 59
1048 4105 -21 -62
1049 441 18 68
1050 2133 -40 -49
1051 9833 69 15
1052 9330 -8 -49
1053 473 27 2
1054 252 -20 -1
1055 3650 91 90
1056 9382 -50 -9
1057 6802 28 19
1058 5484 -75 -16
1059 7854 60 9
1060 2424 -72 -83
1061 8867 20 5
1062 5841 -30 -10
1063 8248 13 65
1064 7815 -97 -11
1065 3248 45 53
1066 3682 -74 -82
1067 3049 96 74
1068 3758 -29 -82
1069 4892 11 58
1070 5203 -2 -56
1071 8235 3 88
1072 8516 -25 -16
1073 5529 8 84
1074 7645 -80 -78
1075 8065 66 38
1076 2570 -97 -40
1077 7705 14 55
1078 1724 -19 -69
1079 3753 24 80
1080 5661 -61 -84
1081 7848 14 42
1082 5852 -93 -82
1083 5897 34 96
1084 1397 -27 -24
1085 120 84 32
1086 7496 -35 -63
1087 9529 4 95
1088 8153 -26 -60
1089 7793 99 74
1090 421 -65 -75
1091 7403 38 80
1092 1082 -90 -69
1093 5293 18 99
1094 4891 -21 -71
1095 4662 39 56
1096 4663 -40 -33
1097 7603 50 94
1098 3447 -84 -71
1099 9868 16 88
1100 9531 -68 -5
1101 1499 59 85
1102 4082 -20 -40
1103 9323 76 72
1104 1161 -43 -27
1105 7228 73 44
1106 4604 -79 -50
1107 1796 47 78
1108 4292 -83 -4
1109 610 7 96
1110 9123 -20 -73
1111 743 54 81
1112 7525 -26 -69
1113 6297 22 61
1114 1200 -13 -45
1115 7585 14 17
1116 6196 -74 -45
1117 9717 17 62
1118 7273 -22 -61
1119 1571 63 99
1120 866 -9 -65
1121 3328 19 29
1122 6893 -81 -64
1123 3969 31 59
1124 6867 -48 -94
1125 1865 79 79
1126 9144 -37 -31
1127 1048 56 96
1128 4148 -94 -39
1129 6025 4 17
1130 4005 -88 -84
1131 7732 93 24
1132 4992 -86 -55
1133 4082 62 19
1134 9260 -7 -54
1135 4511 0 47
1136 3654 -52 -10
1137 4694 94 69
1138 4129 -57 -5
1139 381 19 56
1140 6131 -37 -68
1141 9723 34 54
1142 9074 -17 -24
1143 5775 48 98
1144 2121 -19 -32
1145 2912 23 98
1146 7680 -3 -43
1147 5532 19 36
1148 5966 -80 -88
1149 2143 37 34
1150 8971 -64 -41
1151 1712 10 1
1152 3123 -98 -60
1153 6271 8 97
1154 6213 -3 -11
1155 246 42 3
1156 3807 -42 -94
1157 8239 94 17
1158 7971 -11 -48
1159 5512 17 88
1160 1874 -91 -95
1161 1522 64 76
1162 4632 -58 -86
1163 4517 24 76
1164 1141 -57 -55
1165 4937 80 85
1166 822 -70 -91
1167 5173 55 99
1168 9458 -98 -11
1169 992 89 9
1170 3982 -15 -47
1171 8241 18 18
1172 967 -34 -63
1173 4361 76 19
1174 6267 -75 -85
1175 7500 22 55
1176 8354 -11 -38
1177 9564 87 53
1178 3297 -91 -99
1179 5484 42 19
1180 1792 -24 -56
1181 7288 64 96
1182 9918 -81 -22
1183 5496 30 32
1184 1107 -3 -22
1185 3120 77 66
1186 2550 -73 -56
1187 7359 26 21
1188 8898 -46 -79
1189 5155 0 48
1190 6112 -64 -90
1191 1063 96 26
1192 4802 -10 -12
1193 3668 62 41
1194 9982 -51 -78
1195 223 12 77
1196 4673 -38 -14
1197 9392 80 7
1198 2985 -44 -17
1199 1572 4 90
1200 8836 -66 -3
1201 7414 82 49
1202 2664 -71 -60
1203 6747 68 49
1204 7536 -2 -54
1205 8741 29 7
1206 4700 -67 -56
1207 7302 95 54
1208 5384 -1 -31
1209 7435 54 0
1210 1829 -91 -65
1211 1640 61 61
1212 1368 -90 -77
1213 4628 70 51
1214 6681 -44 -23
1215 2960 46 48
1216 3653 -37 -55
1217 4720 53 89
1218 1521 -10 -53
1219 6187 2 21
1220 497 -42 -51
1221 1337 82 34
1222 2466 -60 -31
1223 1347 61 60
1224 2983 -98 -8
1225 3965 23 8
1226 7396 -42 -76
1227 4890 86 49
1228 6976 -8 -12
1229 3718 82 27
1230 8183 -65 -86
1231 7510 11 47
1232 855 -73 -38
1233 5650 63 54
1234 8622 -63 -56
1235 6641 97 96
1236 8683 -50 0
1237 8297 82 93
1238 1702 -17 -62
1239 7759 63 45
1240 6424 -33 -29
1241 5426 60 46
1242 300 -79 -5
1243 4112 54 8
1244 8504 -99 -34
1245 4727 7 47
1246 6019 -41 -19
1247 6332 39 20
1248 6354 -35 -50
1249 6795 30 91
1250 3725 -84 -30
1251 7032 47 44
1252 136 -49 -38
1253 2336 32 34
1254 6 -98 -21
1255 5994 87 16
1256 4987 -15 -13
1257 8269 52 19
1258 3595 -88 -96
1259 7017 46 54
1260 7515 -9 -69
1261 1572 29 97
1262 6141 -8 -82
1263 8084 32 95
1264 2245 -59 -58
1265 7770 14 86
1266 423 -90 -66
1267 4674 49 74
1268 3789 -92 -10
1269 1898 40 63
1270 9604 -43 -25
1271 2915 20 45
1272 6623 -7 -70
1273 2892 35 34
1274 9665 -45 -35
1275 1532 6 78
1276 4698 -26 -93
1277 9207 44 28
1278 426 -79 -89
1279 9538 40 57
1280 1384 -14 -56
1281 9395 41 83
1282 833 -59 -1
1283 398 35 64
1284 546 -93 -43
1285 8299 29 46
1286 1462 -38 -73
1287 741 27 31
1288 1500 -97 -69
1289 3947 74 84
1290 2654 -92 -20
1291 8838 44 82
1292 6306 -90 -79
1293 5534 76 52
1294 9163 -39 -65
1295 5616 62 63
1296 2193 -26 -82
1297 7541 33 58
1298 6819 -48 -89
1299 5049 86 1
1300 154 -4 -26
1301 7811 19 34
1302 2987 -47 -4
1303 9848 47 52
1304 7789 -77 -2
1305 8714 67 58
1306 4284 -46 -48
1307 6108 93 47
1308 799 -11 -54
1309 9095 2 38
1310 4271 -25 -7
1311 78 45 69
1312 3874 -45 -42
1313 1466 25 17
1314 174 -77 -65
1315 4468 21 89
1316 5480 -47 -50
1317 2403 66 66
1318 3343 -96 -75
1319 5699 98 97
1320 5328 -74 -18
1321 6723 97 20
1322 4408 -75 -5
1323 2474 25 67
1324 5312 -34 -48
1325 9060 51 72
1326 1749 -52 -71
1327 8771 19 69
1328 9833 -36 -16
1329 5869 28 37
1330 7568 -48 -29
1331 8179 18 45
1332 5383 -44 -62
1333 5439 35 36
1334 1626 -18 -14
1335 5095 23 76
1336 2180 -11 -40
1337 9693 71 24
1338 5245 -70 -62
1339 5796 24 53
1340 6289 -70 -28
1341 5760 41 33
1342 2364 -34 -25
1343 7661 90 52
1344 4282 -80 -28
1345 5315 44 92
1346 726 -6 -43
1347 7997 42 8
1348 8320 -85 -93
1349 759 42 9
1350 6772 -57 -5
1351 5746 68 7
1352 5484 -93 -42
1353 8738 55 84
1354 9857 -93 -51
1355 4224 88 89
1356 2435 -43 -62
1357 8232 15 93
1358 8385 -17 -8
1359 1711 12 4
1360 8521 -79 -8
1361 5450 65 85
1362 6453 -50 -1
1363 4219 85 74
1364 9316 -84 -52
1365 9568 55 15
1366 399 -9 -71
1367 1814 11 6
1368 1527 -86 -18
1369 4442 15 82
1370 3462 -11 -2
1371 9704 56 60
1372 224 -83 -6
1373 6687 94 54
1374 1971 -80 -40
1375 3608 70 31
1376 832 -57 -88
1377 9102 65 83
1378 4830 -40 -84
1379 842 94 35
1380 4943 -58 -45
1381 1457 27 4
1382 310 -60 -50
1383 3129 62 75
1384 5560 -67 -71
1385 7812 55 99
1386 8392 -88 -44
1387 4066 72 17
1388 2194 -29 -35
1389 3505 1 85
1390 7433 -15 -74
1391 2140 24 67
1392 846 -91 -72
1393 9735 87 89
1394 580 -52 -62
1395 8094 15 0
1396 1193 -8 -75
1397 2470 23 34
1398 8450 -33 -91
1399 195 51 15
1400 4841 -79 -1
1401 8695 14 37
1402 7920 -28 -84
1403 3170 89 75
1404 3338 -8 -55
1405 4110 4 13
1406 5545 -2 -90
1407 17 86 46
1408 596 -55 -1
1409 3662 53 32
1410 6393 -34 -51
1411 8584 51 51
1412 3835 -51 -86
1413 1830 18 38
1414 7554 -17 -37
1415 1241 98 49
1416 8730 -60 -40
1417 8757 58 53
1418 7796 -38 -58
1419 2682 36 14
1420 8510 -50 -25
1421 1233 0 13
1422 2875 -78 -15
1423 896 4 86
1424 4955 -35 -50
1425 2549 74 32
1426 4130 -34 0
1427 2840 99 60
1428 1730 -6 -97
1429 2195 10 35
1430 66 -19 -63
1431 9307 2 0
1432 3136 -86 -61
1433 631 11 74
1434 8723 -98 0
1435 3426 17 36
1436 7288 -78 -73
1437 2228 43 51
1438 6755 -60 -92
1439 7686 24 20
1440 728 -99 -53
1441 6897 69 17
1442 3125 -70 -8
1443 3037 27 23
1444 8918 -33 -87
1445 7954 12 77
1446 2037 -80 -19
1447 9759 95 70
1448 8073 -88 -48
1449 8727 48 20
1450 1348 -52 -83
1451 9992 31 17
1452 2468 -89 -46
1453 1248 10 88
1454 898 -64 -86
1455 3134 42 92
1456 1945 -39 -38
1457 5004 7 6
1458 719 -56 -62
1459 3452 22 97
1460 3475 -67 -69
1461 4559 40 46
1462 2612 -46 -55
1463 7314 29 5
1464 3523 -50 -25
1465 1006 3 67
1466 4980 -62 -54
1467 3906 27 37
1468 4224 -75 -11
1469 2805 3 0
1470 5343 -65 -41
1471 6241 58 29
1472 9778 -13 -1
1473 9541 34 8
1474 8654 -16 -56
1475 6840 17 73
1476 3837 -34 -80
1477 795 3 58
1478 3711 -15 -86
1479 2555 63 16
1480 5759 -3 -48
1481 4199 78 78
1482 8039 -31 -72
1483 6168 33 51
1484 7959 -84 -17
1485 4878 89 23
1486 7781 -7 -23
1487 8803 15 35
1488 7485 -92 -41
1489 7242 27 68
1490 5244 -7 -89
1491 6531 46 96
1492 949 -55 -17
1493 4857 10 57
1494 2611 -50 -31
1495 6796 72 76
1496 5523 -72 -5
1497 6456 77 9
1498 9897 -3 -2
1499 8441 90 38
1500 3110 -9 -30
1501 5927 82 64
1502 2525 -65 -27
1503 3941 81 85
1504 9490 -84 -66
1505 7129 68 70
1506 9939 -91 -74
1507 6213 18 90
1508 8148 -1 -98
1509 3080 95 21
1510 1805 -92 -89
1511 4940 33 36
1512 8453 -19 -8
1513 8579 98 14
1514 8214 -28 -37
1515 7539 88 27
1516 3945 -97 -95
1517 5318 32 36
1518 334 -92 -98
1519 6107 29 42
1520 882 -28 -50
1521 4413 46 37
1522 9488 -28 -79
1523 7168 52 8
1524 1223 -88 -61
1525 5071 0 92
1526 7182 -93 -32
1527 925 51 97
1528 7951 -97 -8
1529 8954 92 27
1530 2009 -31 -76
1531 9109 19 73
1532 9203 -44 -3
1533 9443 1 27
1534 4639 -94 -88
1535 4263 20 73
1536 7662 -50 -37
1537 6164 0 54
1538 231 -73 -91
1539 9657 99 98
1540 6294 -35 -76
1541 9556 53 29
1542 5550 -83 -28
1543 1582 6 9
1544 3424 -46 -1
1545 3181 61 62
1546 1468 -15 -11
1547 3492 68 12
1548 1808 -38 -32
1549 7446 38 83
1550 8602 -11 -22
1551 9147 36 79
1552 3192 -58 -93
1553 5730 41 83
1554 234 -30 -20
1555 3743 76 65
1556 2698 -69 -55
1557 1777 1 87
1558 656 -7 -44
1559 6526 56 47
1560 1829 -27 -24
1561 1073 29 80
1562 6244 -27 -1
1563 4469 30 63
1564 7954 -87 -92
1565 3888 10 99
1566 6273 -27 -59
1567 1534 42 21
1568 260 -45 -17
1569 4570 23 84
1570 369 -3 -44
1571 9131 54 83
1572 8250 -36 -61
1573 3898 20 66
1574 5725 -76 -89
1575 7618 5 43
1576 5092 -9 -21
1577 5391 56 69
1578 128 -26 -77
1579 8352 83 70
1580 8330 -64 -56
1581 9961 5 48
1582 6674 -4 -57
1583 5707 32 78
1584 4519 -12 -67
1585 879 8 29
1586 6351 -14 -36
1587 6185 22 45
1588 3875 -16 -89
1589 8083 17 7
1590 4563 -96 -18
1591 8819 85 75
1592 752 -22 -78
1593 7559 44 50
1594 4861 -84 -57
1595 8889 70 16
1596 2017 -73 -62
1597 8374 54 49
1598 6266 -37 0
1599 9860 26 65
1600 7315 -45 -66
1601 701 1 8
1602 2954 -42 -36
1603 9938 33 1
1604 166 -1 -10
1605 5690 87 41
1606 8921 -33 -8
1607 4436 61 33
1608 8744 -31 -34
1609 9237 42 45
1610 472 -7 -23
1611 7728 82 86
1612 346 -62 -74
1613 7874 94 75
1614 927 -59 -7
1615 2365 45 12
1616 3149 -34 -96
1617 2240 80 56
1618 3885 -86 0
1619 8805 56 78
1620 933 -48 -93
1621 1583 43 69
1622 664 -17 -49
1623 2552 58 11
1624 6707 -7 -23
1625 7125 51 86
1626 7900 -31 -31
1627 6888 86 99
1628 1982 0 -37
1629 5196 4 62
1630 2152 -64 -14
1631 318 12 1
1632 1777 -24 -20
1633 9575 1 17
1634 1581 -81 -24
1635 205 20 75
1636 5059 -13 -2
1637 314 7 99
1638 7616 -83 -5
1639 503 93 5
1640 7460 -33 -3
1641 4995 11 6
1642 5454 -48 -23
1643 9505 88 60
1644 964 -64 -77
1645 4510 14 36
1646 4595 -24 -21
1647 8421 55 14
1648 9872 -24 -7
1649 483 72 15
1650 9500 -7 -5
1651 6179 73 66
1652 8639 -9 -26
1653 2483 40 45
1654 7414 -93 -6
1655 9678 29 52
1656 9363 -3 -43
1657 8462 62 51
1658 4552 -82 -25
1659 6884 28 63
1660 7512 -87 -8
1661 5971 88 87
1662 1347 -44 -38
1663 6179 35 42
1664 1580 -56 -50
1665 3012 33 70
1666 7883 -49 -31
1667 9826 42 59
1668 4720 -27 -78
1669 4701 94 34
1670 7535 -82 -6
1671 3256 85 66
1672 9288 -41 -64
1673 183 28 1
1674 7777 -30 -5
1675 7273 58 62
1676 8776 -82 -82
1677 106 32 21
1678 8346 -77 -9
1679 6609 71 30
1680 7123 -8 -95
1681 6705 12 54
1682 6958 -41 -77
1683 5672 15 47
1684 4542 -11 -56
1685 8811 96 96
1686 5544 -36 -41
1687 2605 14 35
1688 5931 -27 -30
1689 8929 43 15
1690 4314 -14 -10
1691 3887 47 79
1692 220 -6 -69
1693 801 44 25
1694 6559 -76 -90
1695 1683 31 3
1696 6257 -34 -75
1697 3077 68 60
1698 9642 -22 -39
1699 3992 9 49
1700 6132 -50 -39
1701 6162 84 9
1702 8792 -19 -46
1703 3399 7 41
1704 2633 -94 -42
1705 1651 18 21
1706 5712 -64 -77
1707 753 57 68
1708 6565 -81 -50
1709 5374 95 75
1710 8409 -50 -24
1711 2385 62 63
1712 4282 -75 -64
1713 2321 73 59
1714 7868 -69 -3
1715 1520 3 69
1716 7473 -33 -25
1717 9802 5 56
1718 2881 -54 -36
1719 4547 11 79
1720 3003 -48 -69
1721 545 46 28
1722 1899 -12 -27
1723 1110 73 55
1724 2040 -29 -26
1725 3528 32 57
1726 5439 -49 -32
1727 4252 16 13
1728 438 -91 -68
1729 5442 74 10
1730 523 -85 -15
1731 8028 2 48
1732 7247 -2 -23
1733 8547 70 29
1734 3708 -58 -35
1735 1697 85 37
1736 8309 -88 -50
1737 1897 24 16
1738 5211 -87 -69
1739 6092 26 83
1740 3395 -72 -71
1741 6710 38 46
1742 4934 -96 -42
1743 7873 66 21
1744 6762 -34 -49
1745 9900 65 24
1746 3444 -72 -83
1747 1970 7 31
1748 4004 -82 -2
1749 6730 29 55
1750 1119 -95 -54
1751 2634 0 54
1752 6885 -37 -5
1753 2901 28 57
1754 7249 -15 -4
1755 8794 98 2
1756 2909 -10 -86
1757 8539 32 7
1758 9537 -83 -45
1759 4669 63 73
1760 4186 -76 -80
1761 2389 19 99
1762 5388 -54 -75
1763 6643 41 17
1764 4797 -12 -49
1765 5135 90 60
1766 7899 -18 -87
1767 4813 63 34
1768 4878 -50 -30
1769 9687 54 56
1770 5663 -81 -2
1771 3617 57 58
1772 5801 -15 -60
1773 7354 89 0
1774 5490 -89 -14
1775 3696 24 51
1776 8366 -43 -99
1777 6356 70 41
1778 5009 -47 -1
1779 481 28 92
1780 2382 -42 -16
1781 3400 73 11
1782 6629 -22 -4
1783 6130 15 80
1784 1992 -24 -13
1785 9346 33 75
1786 6188 -30 -83
1787 9738 11 31
1788 8988 -58 -38
1789 7737 64 25
1790 1565 -53 -17
1791 5993 74 38
1792 6247 -9 -6
1793 1772 13 65
1794 1436 -12 -23
1795 6867 58 71
1796 6341 -62 -56
1797 8736 66 21
1798 5679 -95 -28
1799 5328 52 36
1800 357 -63 -10
1801 6399 50 4
1802 9049 -94 -37
1803 2653 98 59
1804 1102 -79 -92
1805 2039 70 83
1806 369 -51 -47
1807 4054 17 76
1808 5745 -18 -83
1809 4128 72 90
1810 890 -69 -2
1811 4538 41 23
1812 3822 -2 -96
1813 7013 29 90
1814 4163 -54 -39
1815 5483 65 53
1816 4205 -13 -13
1817 5432 54 6
1818 9452 -85 -40
1819 3445 73 85
1820 3267 -17 -44
1821 7039 57 23
1822 5685 -70 -8
1823 6172 10 90
1824 1869 -92 -16
1825 9138 75 27
1826 7535 -49 -48
1827 2711 29 79
1828 6577 -82 -87
1829 1976 60 36
1830 3441 -31 -15
1831 3890 81 48
1832 3207 -19 -91
1833 3840 89 94
1834 6298 -9 -40
1835 6499 46 21
1836 5966 -92 -12
1837 1501 84 36
1838 6202 0 -98
1839 690 76 84
1840 4747 -75 -23
1841 6790 59 10
1842 768 -56 -90
1843 5249 30 15
1844 2733 -63 -22
1845 1917 96 54
1846 8616 -84 -48
1847 6291 26 55
1848 9902 -48 -11
1849 2785 55 90
1850 4419 -37 -18
1851 9733 69 86
1852 7102 -4 -41
1853 1669 28 12
1854 6655 -81 -61
1855 954 52 95
1856 5119 -43 -69
1857 8603 9 17
1858 1321 -78 -28
1859 5910 37 41
1860 5118 -30 -59
1861 8628 58 25
1862 6544 -39 -74
1863 4679 29 58
1864 82 -18 -64
1865 6609 3 95
1866 9846 -30 -17
1867 5986 37 24
1868 2738 -87 -41
1869 7394 94 70
1870 2562 -92 -12
1871 7776 41 6
1872 5992 -4 -55
1873 589 68 47
1874 3551 -77 -17
1875 6298 62 81
1876 3948 -36 0
1877 3899 49 8
1878 8061 -19 -9
1879 2556 27 47
1880 1940 -31 -21
1881 3391 9 96
1882 6746 -34 -2
1883 1938 78 95
1884 7834 -29 -66
1885 1762 97 73
1886 486 -32 -82
1887 8688 48 93
1888 7515 -30 -15
1889 8651 46 64
1890 9937 -22 -38
1891 9474 69 54
1892 7626 -50 -86
1893 967 53 1
1894 9765 -22 -16
1895 7654 28 2
1896 8032 -30 -15
1897 2190 7 29
1898 8567 -7 -17
1899 9948 78 53
1900 8275 -83 -96
1901 6622 77 63
1902 2592 -72 -96
1903 5494 38 53
1904 4427 -41 -54
1905 8597 24 27
1906 4849 -81 -99
1907 5853 43 70
1908 8160 -48 -3
1909 1749 7 42
1910 1123 -46 -12
1911 3898 40 61
1912 8788 -37 -11
1913 2319 7 52
1914 3187 -71 -86
1915 7164 66 33
1916 8086 -85 -57
1917 5832 37 41
1918 7733 -47 -15
1919 6413 20 37
1920 1450 -59 -27
1921 1690 14 83
1922 1090 -99 -97
1923 6107 35 84
1924 1792 -52 -45
1925 7147 57 97
1926 6159 -31 -89
1927 4753 92 83
1928 1931 -61 -36
1929 4499 99 21
1930 7524 -45 -96
1931 5827 76 1
1932 1776 -92 -2
1933 6972 95 10
1934 5809 -24 -14
1935 6887 42 41
1936 2253 -30 -10
1937 1117 96 59
1938 4935 -93 -5
1939 2507 53 42
1940 5896 -71 -15
1941 7156 12 46
1942 8443 -44 -12
1943 3775 47 51
1944 4226 -87 -38
1945 122 69 43
1946 2008 -45 -94
1947 8031 46 89
1948 2250 -76 -11
1949 5327 24 67
1950 5065 -14 -2
1951 6586 85 71
1952 7470 -93 -56
1953 961 29 26
1954 8519 -29 -2
1955 666 17 17
1956 2173 -4 -23
1957 3446 99 66
1958 5732 -98 -5
1959 5979 49 62
1960 1803 -9 -33
1961 4719 77 45
1962 9170 -28 -30
1963 2534 1 34
1964 8346 -1 -56
1965 3681 1 95
1966 8864 -55 -61
1967 8243 68 42
1968 4526 -72 -91
1969 5387 40 25
1970 6372 -13 -91
1971 1403 94 44
1972 7135 -51 -44
1973 852 82 77
1974 9676 -67 -54
1975 4964 64 9
1976 9900 -31 -68
1977 4479 47 24
1978 7262 -7 -38
1979 2665 84 65
1980 486 -64 -8
1981 3874 89 42
1982 8059 -48 -55
1983 2769 58 96
1984 3865 -54 -93
1985 5206 62 30
1986 9199 -46 -71
1987 1695 73 42
1988 825 -95 -20
1989 7724 11 38
1990 5905 -86 -74
1991 3085 55 77
1992 278 -46 -38
1993 9260 9 30
1994 7042 -94 -26
1995 603 52 52
1996 8157 -66 -64
1997 3599 52 36
1998 9413 -77 -8
1999 8636 78 60
2000 1118 -18 -97
2001 4747 42 22
2002 3224 -35 -86
2003 6447 59 78
2004 6405 -65 -33
2005 6544 16 44
2006 8466 -82 -98
2007 6606 84 77
2008 6211 -94 -19
2009 4877 51 81
2010 5121 -3 -14
2011 5778 13 66
2012 8423 -51 -46
2013 7324 71 97
2014 7345 -62 -32
2015 3382 75 80
2016 1753 -94 -41
2017 1360 32 78
2018 7815 -67 -2
2019 8873 38 31
2020 6218 -87 -83
2021 1793 3 95
2022 1678 -50 -88
2023 924 69 98
2024 2418 -42 -98
2025 4966 56 58
2026 953 -51 -25
2027 6806 86 26
2028 6406 -39 -40
2029 296 18 61
2030 328 -11 -99
2031 8001 23 51
2032 8164 -87 -6
2033 3668 98 93
2034 4730 -39 -72
2035 9024 82 73
2036 8356 -83 -79
2037 1806 71 90
2038 7738 -9 -66
2039 510 26 0
2040 5071 -6 -50
2041 1095 56 47
2042 5835 -33 -12
2043 1278 53 79
2044 4244 -47 -27
2045 8046 82 46
2046 8503 -36 -79
2047 65 65 93
2048 8842 -45 -28
2049 9157 99 16
2050 6260 -79 -39
2051 820 85 66
2052 9068 -59 -54
2053 479 29 58
2054 7800 -2 -45
2055 4157 12 43
2056 8732 -53 -57
2057 3766 86 97
2058 4485 -62 -36
2059 5677 61 65
2060 7849 -29 -41
2061 691 39 20
2062 7376 -57 -18
2063 3951 7 41
2064 402 -6 -74
2065 3730 22 67
2066 4787 -76 -40
2067 8715 92 40
2068 9694 -20 -55
2069 216 36 19
2070 6004 -9 -26
2071 1426 85 84
2072 2802 -94 -3
2073 1152 27 88
2074 9924 -36 -71
2075 1600 76 11
2076 9292 -87 -66
2077 3226 56 13
2078 8927 -42 -76
2079 5805 90 52
2080 9536 -22 -87
2081 643 41 85
2082 5543 -58 -24
2083 271 51 32
2084 1984 -2 -50
2085 1430 39 52
2086 3382 -31 -93
2087 9877 29 24
2088 5113 -60 -50
2089 5282 97 79
2090 7847 -15 -17
2091 7738 93 35
2092 5582 -61 -37
2093 6949 40 99
2094 285 -13 -56
2095 9613 97 21
2096 6278 -7 -95
2097 9427 59 71
2098 6184 -47 -57
2099 6215 32 9
2100 4411 -91 -61
2101 718 28 45
2102 9428 -39 -81
2103 4865 10 3
2104 7005 -3 -51
2105 4240 4 76
2106 4094 -91 -89
2107 9465 87 69
2108 6063 -53 -77
2109 5883 41 88
2110 7002 -86 -9
2111 1042 30 61
2112 7385 -61 -34
2113 5036 61 75
2114 7114 -28 -36
2115 328 20 6
2116 3941 -15 -88
2117 6667 26 68
2118 9392 -23 -24
2119 2282 58 52
2120 278 -95 -72
2121 9715 1 91
2122 5569 -96 -52
2123 772 32 27
2124 1579 -77 -37
2125 5646 69 61
2126 7176 -52 -72
2127 3925 45 91
2128 6753 -48 -46
2129 3890 46 85
2130 2018 -15 -98
2131 6684 94 58
2132 5708 -51 -82
2133 5480 44 33
2134 8592 -54 -15
2135 1996 90 74
2136 692 -8 -36
2137 4095 62 59
2138 9791 -26 -27
2139 9182 3 98
2140 655 -94 -38
2141 447 68 45
2142 6124 -64 -37
2143 7169 23 32
2144 8293 -85 -42
2145 3165 55 28
2146 6377 -41 -13
2147 6199 69 45
2148 6397 -96 -43
2149 1284 50 34
2150 9111 -97 -92
2151 4367 25 89
2152 2734 -39 -60
2153 1952 36 9
2154 5196 -31 -30
2155 7920 0 50
2156 2894 -83 -32
2157 7410 12 84
2158 3367 -57 -34
2159 7712 49 85
2160 2059 -9 -80
2161 8533 60 57
2162 40 -42 -50
2163 2840 57 33
2164 5120 -11 -86
2165 9894 6 97
2166 6017 -96 -80
2167 9210 36 98
2168 6748 -72 -88
2169 635 87 8
2170 7012 -75 -6
2171 4811 58 6
2172 1027 -98 -2
2173 739 44 12
2174 1591 -10 -14
2175 229 58 24
2176 8618 -23 -95
2177 5351 65 42
2178 9519 -6 -81
2179 708 67 9
2180 1198 -56 -77
2181 1132 72 90
2182 8187 -84 -98
2183 2256 29 55
2184 2533 -66 -3
2185 8476 80 53
2186 2260 -69 -89
2187 3370 87 32
2188 5514 -26 -79
2189 9336 37 47
2190 2889 -69 -30
2191 2056 95 71
2192 2948 -95 -67
2193 2078 16 13
2194 2294 -3 -37
2195 4995 83 67
2196 5334 -3 -98
2197 4536 56 98
2198 4402 -78 -2
2199 4397 38 78
2200 8349 -25 -69
2201 9662 0 39
2202 7158 -77 -28
2203 7592 60 14
2204 746 -11 -83
2205 27 7 55
2206 2188 -72 -45
2207 5676 71 23
2208 7132 -55 -42
2209 136 71 43
2210 8935 -1 -25
2211 3862 58 52
2212 8670 -92 -40
2213 2952 84 68
2214 7170 -99 -73
2215 248 13 63
2216 2434 -74 -7
2217 5097 77 99
2218 9242 -22 -10
2219 5853 15 91
2220 1504 -75 -76
2221 4925 40 89
2222 7034 -62 -2
2223 4191 62 60
2224 743 -55 -81
2225 1385 27 30
2226 6501 -32 -9
2227 5983 90 7
2228 4456 -60 -1
2229 165 30 25
2230 8441 -29 -58
2231 2717 91 38
2232 366 -66 -56
2233 3381 19 92
2234 7209 -92 -11
2235 7584 4 28
2236 8300 -72 -59
2237 1640 95 51
2238 4888 -84 -49
2239 3368 16 49
2240 9663 -85 -1
2241 6517 36 32
2242 3710 -43 -24
2243 4134 16 15
2244 1496 -22 -40
2245 5696 46 11
2246 3380 -45 -22
2247 8637 67 78
2248 2412 -76 -37
2249 290 0 78
2250 134 -82 -15
2251 1085 30 22
2252 7497 -48 -89
2253 216 65 52
2254 4588 -8 -99
2255 6742 74 69
2256 8849 -43 -98
2257 9848 58 11
2258 6767 -96 -43
2259 301 75 52
2260 9338 -85 -59
2261 7662 5 3
2262 460 -18 -72
2263 4053 33 37
2264 5753 0 -88
2265 944 53 58
2266 1954 -90 -56
2267 2721 49 89
2268 7580 -59 -4
2269 689 60 8
2270 9026 -85 -24
2271 841 1 12
2272 114 -8 -35
2273 996 71 38
2274 1525 -24 -88
2275 2684 91 38
2276 1247 -53 -16
2277 5223 8 92
2278 4237 -12 -56
2279 2672 37 47
2280 1345 -46 -75
2281 495 22 15
2282 9744 -7 -88
2283 71 23 8
2284 2477 -55 -49
2285 778 60 6
2286 1172 -75 -58
2287 214 58 52
2288 1206 -77 -76
2289 1926 0 32
2290 9565 -86 -32
2291 3783 87 78
2292 1335 -15 -38
2293 5489 66 87
2294 6050 -72 -68
2295 8880 59 16
2296 9379 -27 -38
2297 1129 61 44
2298 8445 -48 -60
2299 9360 44 75
2300 7582 -61 -93
2301 8957 65 43
2302 2176 -46 -41
2303 7274 30 80
2304 5502 -48 -45
2305 37 80 48
2306 7352 -72 -95
2307 1160 15 4
2308 7979 -23 -77
2309 4689 45 22
2310 9199 -25 -81
2311 7728 92 35
2312 1665 -66 -43
2313 6147 0 77
2314 2065 -91 -60
2315 5982 43 42
2316 208 -2 -98
2317 6369 97 85
2318 8755 -19 -46
2319 1696 2 85
2320 3188 -99 -37
2321 5137 42 67
2322 430 -76 -80
2323 4682 91 33
2324 6541 -58 -15
2325 7904 21 94
2326 3188 -3 -20
2327 8366 45 27
2328 6779 -31 -6
2329 3263 7 5
2330 9944 -60 -92
2331 5963 13 62
2332 6953 -56 -28
2333 2286 77 53
2334 1601 -97 -3
2335 4575 34 3
2336 7324 -58 -72
2337 6687 55 49
2338 1136 -44 -23
2339 4150 31 12
2340 7630 -52 -68
2341 8701 66 48
2342 1802 -54 -32
2343 7862 60 49
2344 6815 -81 -74
2345 9320 94 60
2346 8403 -68 -66
2347 8435 38 41
2348 7944 -48 -2
2349 3649 86 53
2350 1932 -26 -31
2351 6539 58 48
2352 1087 -50 -19
2353 4491 54 85
2354 8193 -84 -12
2355 6029 74 30
2356 5146 -39 -84
2357 7675 50 76
2358 1839 -92 -94
2359 732 57 59
2360 5347 -30 -55
2361 7535 63 93
2362 9885 -32 -35
2363 8374 13 15
2364 9588 -43 -30
2365 9997 99 76
2366 7994 -80 -57
2367 3213 29 7
2368 7237 -63 -81
2369 4920 64 5
2370 6655 -74 -94
2371 3684 13 91
2372 9689 -72 -39
2373 3708 67 77
2374 1481 -73 -93
2375 7062 34 26
2376 2830 -93 -46
2377 7000 86 53
2378 2020 -49 -75
2379 5434 7 74
2380 2446 -80 -8
2381 6249 37 74
2382 8905 -2 -66
2383 2245 10 75
2384 2168 -32 -49
2385 4758 58 82
2386 2887 -10 -39
2387 9164 1 1
2388 7194 -61 -73
2389 8180 69 9
2390 4165 -39 -37
2391 3912 11 60
2392 272 -18 -9
2393 8868 6 95
2394 2024 -87 -30
2395 22 14 97
2396 4900 -77 -99
2397 9789 99 67
2398 592 -69 -93
2399 2160 69 89
2400 7699 -25 -85
2401 9275 78 95
2402 3940 -11 -48
2403 8480 8 52
2404 9926 -28 -28
2405 274 9 26
2406 4401 -72 -31
2407 7079 89 23
2408 5248 -67 -59
2409 4568 1 52
2410 7165 -19 -73
2411 7579 40 12
2412 2640 -97 -7
2413 2536 20 87
2414 5726 -24 -51
2415 4663 63 0
2416 3561 -32 -7
2417 7973 3 62
2418 3317 -29 -95
2419 3508 8 93
2420 8084 -25 -37
2421 5068 69 26
2422 453 -55 -61
2423 8674 42 57
2424 3258 -37 -75
2425 7591 44 23
2426 1427 -26 -6
2427 778 5 77
2428 8844 -65 -36
2429 7986 5 34
2430 9955 -2 -80
2431 7950 39 54
2432 4518 -38 -59
2433 19 72 96
2434 9688 -78 -71
2435 8326 68 34
2436 691 -10 -76
2437 3481 52 57
2438 4170 -42 -57
2439 5187 86 96
2440 4381 -40 -46
2441 5484 1 61
2442 9126 -15 -38
2443 2883 9 39
2444 7346 -49 -77
2445 6813 1 33
2446 5321 -74 -11
2447 7958 79 48
2448 9747 -84 -89
2449 460 35 26
2450 2649 -93 -60
2451 681 13 42
2452 623 -97 -68
2453 6998 17 88
2454 6472 -53 -40
2455 281 45 80
2456 8260 -24 -65
2457 6240 0 93
2458 2358 0 -76
2459 1939 8 74
2460 9281 -78 -43
2461 5509 63 43
2462 6172 -51 -63
2463 4035 26 91
2464 8144 -20 -96
2465 2901 77 75
2466 5542 0 -19
2467 3595 59 94
2468 4702 -76 -21
2469 7208 33 23
2470 8744 -48 -7
2471 2846 54 3
2472 5215 -25 -71
2473 6579 46 10
2474 3322 -34 -10
2475 6741 36 55
2476 8953 -14 -17
2477 5523 70 71
2478 9445 -60 -18
2479 7138 78 25
2480 7398 -45 -61
2481 3454 42 85
2482 7132 -10 -31
2483 10000 59 19
2484 9042 -94 -47
2485 1383 70 47
2486 2961 -29 -65
2487 9598 71 68
2488 521 -88 -82
2489 7517 32 88
2490 311 -86 -52
2491 490 15 12
2492 5311 -2 -53
2493 5669 4 48
2494 5728 -94 -6
2495 3265 45 34
2496 8289 -35 -86
2497 7039 78 91
2498 3608 -29 -69
2499 3906 56 40
2500 2152 -91 -10
2501 2890 80 98
2502 5672 -18 -86
2503 2348 96 60
2504 2936 -44 -61
2505 9962 32 27
2506 1531 0 -45
2507 6588 22 68
2508 2112 -37 -6
2509 6845 33 9
2510 4949 -15 -68
2511 3521 23 69
2512 8393 -65 -88
2513 8125 96 4
2514 7427 -46 -35
2515 9402 15 24
2516 4026 -77 -18
2517 7939 26 25
2518 2350 -23 -18
2519 1946 2 36
2520 4678 -37 -64
2521 3025 35 45
2522 2472 -87 -29
2523 9448 93 86
2524 1206 -38 -64
2525 1831 38 42
2526 2578 -22 0
2527 7037 30 87
2528 3679 -78 -95
2529 16 93 47
2530 8733 -95 -22
2531 7876 41 21
2532 8183 -46 -36
2533 689 49 56
2534 6463 -69 -4
2535 1242 31 49
2536 3409 -92 -17
2537 7612 66 19
2538 3884 -97 -56
2539 5055 96 54
2540 126 -42 -46
2541 2003 10 61
2542 6390 -6 -54
2543 5681 97 81
2544 6877 -13 -1
2545 1865 16 55
2546 9800 -52 -27
2547 3526 78 81
2548 5832 -42 -72
2549 39 45 91
2550 8993 -94 -11
2551 5834 85 16
2552 1830 -38 -12
2553 3073 19 71
2554 2152 -49 -83
2555 3229 20 3
2556 222 -46 -58
2557 4573 93 35
2558 3528 -82 -54
2559 7989 59 94
2560 1974 -44 -63
2561 5066 34 60
2562 1295 -77 -82
2563 2289 24 21
2564 5870 -69 -20
2565 3239 89 4
2566 1700 -71 -51
2567 9905 98 3
2568 8298 -99 -30
2569 3279 86 80
2570 9966 -23 -21
2571 2738 18 4
2572 224 -71 -75
2573 9957 64 90
2574 2152 -35 -69
2575 9183 15 81
2576 4883 -16 -51
2577 5073 19 92
2578 8499 -61 -31
2579 9143 17 64
2580 8981 -43 -6
2581 362 11 20
2582 7682 -99 -95
2583 8620 6 8
2584 9268 -17 -15
2585 6529 31 59
2586 6819 -55 -81
2587 3002 81 50
2588 6485 -73 -35
2589 7439 10 27
2590 1920 -12 -94
2591 5616 91 2
2592 4688 -74 -48
2593 6997 24 93
2594 5496 -24 -61
2595 486 15 72
2596 4696 -94 -38
2597 1151 79 93
2598 9343 -57 -37
2599 4882 40 54
2600 9146 -71 -2
2601 9956 23 66
2602 5353 -14 -45
2603 6967 86 37
2604 5404 -94 -12
2605 6759 57 41
2606 2571 -49 -49
2607 9543 74 59
2608 5805 -2 -20
2609 8630 73 83
2610 2155 -37 -2
2611 3913 13 2
2612 9784 -72 -67
2613 7952 24 82
2614 5159 -5 -46
2615 8497 50 76
2616 3518 -4 -51
2617 7970 39 57
2618 1623 -80 -29
2619 3365 18 4
2620 4652 -73 -33
2621 287 85 59
2622 3839 -84 -16
2623 307 34 3
2624 5662 -54 -46
2625 9196 80 8
2626 1841 -7 -24
2627 4871 88 54
2628 324 -31 -6
2629 3673 8 72
2630 6714 -11 -17
2631 4954 81 49
2632 5280 -91 -86
2633 900 33 77
2634 6998 -76 -71
2635 894 75 10
2636 1006 -9 -74
2637 8805 46 43
2638 8501 -83 -38
2639 3787 64 73
2640 8621 -69 -62
2641 1226 91 86
2642 4513 -55 -2
2643 7367 88 32
2644 6518 -9 -81
2645 8919 96 32
2646 2103 -34 -29
2647 9654 46 21
2648 711 -18 -81
2649 1691 61 65
2650 8387 -48 -86
2651 747 53 71
2652 169 -56 -10
2653 357 32 16
2654 976 -37 -73
2655 6280 46 97
2656 9755 -97 -91
2657 9529 52 18
2658 6228 -4 -55
2659 3583 33 97
2660 431 -60 -34
2661 4870 29 76
2662 3221 -41 -49
2663 5406 27 75
2664 6206 -58 -46
2665 749 12 64
2666 1913 -88 -70
2667 3428 64 63
2668 3297 -19 -9
2669 2127 17 0
2670 6034 -9 -98
2671 6691 66 59
2672 8018 -45 -74
2673 5552 18 48
2674 8112 -67 -3
2675 2397 73 51
2676 9663 -71 -37
2677 3792 81 4
2678 6729 -71 -45
2679 8104 71 80
2680 1041 -93 -48
2681 345 24 87
2682 2906 -29 -85
2683 6740 14 51
2684 3754 -2 -67
2685 8560 31 66
2686 7652 -52 -46
2687 3627 29 33
2688 9786 -41 -16
2689 8812 49 23
2690 5178 -80 -51
2691 1200 88 66
2692 7216 -62 -42
2693 1863 89 8
2694 7393 -36 0
2695 9962 8 90
2696 1905 -76 -19
2697 8903 15 74
2698 3441 -23 -80
2699 4046 55 27
2700 9613 -38 -49
2701 1004 76 63
2702 1554 -57 -78
2703 5686 86 22
2704 9181 -51 -19
2705 2714 67 95
2706 5839 -98 -20
2707 8864 81 80
2708 796 -87 -15
2709 5123 99 25
2710 8930 -15 -30
2711 2271 25 64
2712 9475 -14 -78
2713 4875 86 32
2714 1660 -67 -92
2715 8386 3 46
2716 4870 -4 -71
2717 6920 69 3
2718 220 -98 -56
2719 3689 29 76
2720 4582 -90 0
2721 7485 89 51
2722 3984 -94 -68
2723 1220 22 60
2724 110 -70 -87
2725 4102 23 77
2726 1874 -82 -42
2727 1630 88 92
2728 9051 -74 -16
2729 5135 42 26
2730 7625 -84 -23
2731 9375 5 67
2732 1095 -67 -86
2733 7682 18 0
2734 8207 -31 -31
2735 2140 32 56
2736 9647 -58 -29
2737 483 46 27
2738 632 -26 -17
2739 9461 63 29
2740 4446 -14 -16
2741 5649 57 31
2742 9472 -58 -8
2743 4813 93 97
2744 3909 -3 -84
2745 433 95 32
2746 3365 -7 -31
2747 6797 64 29
2748 724 -29 -16
2749 29 49 59
2750 8947 -58 -73
2751 8222 62 47
2752 5732 -10 -26
2753 9870 15 52
2754 8841 -44 -53
2755 2060 60 82
2756 7847 -20 -71
2757 4185 23 31
2758 5751 -9 -27
2759 4586 45 97
2760 7000 -21 -52
2761 888 88 1
2762 4072 -15 -2
2763 3132 38 97
2764 2713 -83 -40
2765 1159 62 84
2766 4193 -81 -12
2767 4024 90 69
2768 6995 -28 -54
2769 3681 20 46
2770 7764 -10 -52
2771 1695 28 90
2772 8237 -30 -91
2773 9470 80 6
2774 2070 -84 -79
2775 7985 23 66
2776 8478 -79 -25
2777 7738 38 18
2778 7622 -78 -33
2779 2026 88 81
2780 1182 -63 -49
2781 9221 68 74
2782 879 -43 -57
2783 6544 76 77
2784 7415 -7 -72
2785 8374 86 22
2786 592 -94 -87
2787 9413 57 98
2788 2529 -16 -10
2789 846 31 67
2790 2925 -17 -79
2791 6433 0 84
2792 4395 -27 -25
2793 2001 64 74
2794 4756 -74 -10
2795 3258 98 31
2796 3552 -79 -73
2797 3273 28 90
2798 1347 -9 -17
2799 1570 73 0
2800 4140 -35 -98
2801 4964 74 92
2802 7520 -48 -7
2803 6455 17 91
2804 4347 -71 -49
2805 6154 35 33
2806 455 -73 -78
2807 604 33 12
2808 4767 -74 -37
2809 4779 64 99
2810 8453 -20 -16
2811 5727 7 40
2812 1159 -89 -62
2813 5245 23 58
2814 8585 -27 -93
2815 6738 1 82
2816 826 -12 -95
2817 7317 24 45
2818 8524 -84 -9
2819 8190 29 5
2820 5343 -6 -16
2821 7098 11 51
2822 539 -30 -37
2823 7458 35 38
2824 852 -97 -29
2825 5730 81 75
2826 5937 -31 -91
2827 3091 65 30
2828 2795 -88 -20
2829 7853 79 31
2830 9191 -33 -53
2831 5918 37 2
2832 2153 -92 -69
2833 2419 16 69
2834 4354 -98 -91
2835 7676 89 93
2836 727 -67 -75
2837 8910 44 59
2838 8098 -14 -82
2839 8133 16 8
2840 1025 -39 -74
2841 1636 68 2
2842 93 -36 -54
2843 7831 53 96
2844 1776 -60 -53
2845 9462 98 12
2846 3403 -8 -21
2847 3209 96 12
2848 4595 -57 -2
2849 7875 73 73
2850 8764 -64 -45
2851 2483 68 29
2852 8853 -21 -35
2853 5393 15 4
2854 7360 -4 -29
2855 5340 95 7
2856 2365 -72 -82
2857 5781 17 4
2858 8343 -15 -28
2859 8037 14 41
2860 6634 -65 -89
2861 3715 84 53
2862 6148 -37 -22
2863 3049 31 67
2864 9279 -9 -63
2865 6914 2 52
2866 2561 -70 -64
2867 2509 53 64
2868 8385 -27 -2
2869 8379 66 80
2870 853 -93 -69
2871 7128 58 41
2872 771 -23 -2
2873 663 1 31
2874 1021 -99 -67
2875 6626 70 51
2876 7718 -7 -61
2877 2155 7 42
2878 8561 -50 -31
2879 7732 88 23
2880 2978 -62 -6
2881 6450 80 22
2882 2510 -24 -87
2883 3115 85 40
2884 7106 -92 -17
2885 5462 7 3
2886 8873 -25 -17
2887 4476 6 41
2888 4885 -74 -11
2889 2198 69 47
2890 1874 -80 -28
2891 184 91 90
2892 3518 -62 -13
2893 192 5 1
2894 6511 -9 -70
2895 8349 30 17
2896 7543 -6 -96
2897 5637 29 51
2898 3774 -31 -16
2899 8280 37 58
2900 9463 -72 -29
2901 3760 25 29
2902 3835 -58 -44
2903 5592 73 67
2904 2385 -36 -90
2905 8561 25 60
2906 3399 -30 -7
2907 7807 2 72
2908 4447 -93 -24
2909 1647 48 94
2910 6480 -76 -87
2911 4882 41 87
2912 4158 -69 -93
2913 8624 92 69
2914 8386 -24 -11
2915 9085 92 9
2916 3167 -98 -17
2917 4416 98 47
2918 5211 -28 -38
2919 8563 85 65
2920 1058 0 -38
2921 3712 54 20
2922 9099 -79 -67
2923 8757 4 35
2924 4043 -14 -41
2925 4620 89 5
2926 1202 -38 -50
2927 4036 0 32
2928 449 -95 -19
2929 9097 11 69
2930 8037 -28 -17
2931 8492 25 86
2932 6901 -1 -13
2933 2591 87 30
2934 6411 -76 -16
2935 7820 28 32
2936 3486 -78 -92
2937 6955 60 90
2938 8285 -44 -11
2939 7572 23 18
2940 9865 -90 -23
2941 3656 96 12
2942 8401 -85 -55
2943 8167 12 98
2944 6967 -36 -19
2945 5242 75 97
2946 2567 -78 -11
2947 7203 87 63
2948 8029 -96 -30
2949 5939 97 76
2950 2556 0 -88
2951 6932 5 34
2952 1835 -93 -89
2953 2628 57 22
2954 251 -87 -22
2955 452 10 58
2956 1553 -97 -80
2957 643 93 28
2958 5097 -27 -61
2959 1595 36 53
2960 9678 -89 -80
2961 7276 80 22
2962 6541 -63 -57
2963 4126 91 62
2964 5000 -12 -94
2965 8409 25 15
2966 9904 -10 -34
2967 9088 87 22
2968 7676 -38 -85
2969 533 34 31
2970 1363 -55 -10
2971 6879 99 99
2972 8629 -69 -89
2973 436 59 9
2974 9943 -53 -92
2975 9217 58 9
2976 7852 -26 -8
2977 2322 75 2
2978 4356 -5 -55
2979 3582 10 66
2980 8293 -4 -71
2981 8972 66 96
2982 4952 -91 -3
2983 1786 36 6
2984 4509 -55 -55
2985 1835 88 95
2986 8411 -63 -64
2987 4452 65 61
2988 1608 -19 -95
2989 1484 87 3
2990 3766 -1 -53
2991 9071 70 24
2992 9785 -46 -11
2993 128 5 71
2994 7645 -46 -66
2995 3804 1 48
2996 5275 -71 -92
2997 4897 97 46
2998 8926 -32 -92
2999 9541 10 58
3000 6592 -81 -53
3001 3073 73 28
3002 8152 -22 -45
3003 9387 8 73
3004 308 -30 -99
3005 2488 29 80
3006 5282 -34 -95
3007 999 56 54
3008 8506 -93 -77
3009 5659 40 30
3010 2399 -91 -50
3011 6365 4 6
3012 7005 -83 -6
3013 2865 72 44
3014 7763 -78 -69
3015 4228 40 43
3016 348 -34 -23
3017 788 56 1
3018 4946 -91 -27
3019 9473 10 90
3020 8076 -97 -29
3021 6906 95 23
3022 2865 -86 -83
3023 1229 4 62
3024 2470 -92 -25
3025 9851 8 89
3026 484 -29 -39
3027 4452 68 4
3028 5955 -90 -79
3029 4773 32 36
3030 7402 -43 -93
3031 8222 31 47
3032 3853 -99 -59
3033 1261 85 60
3034 833 -77 -12
3035 6914 9 2
3036 2742 -22 -21
3037 3530 82 13
3038 9102 -8 -61
3039 5166 99 83
3040 8649 -59 -11
3041 9601 34 17
3042 3484 -43 -91
3043 1408 43 96
3044 9950 -45 -6
3045 2495 72 21
3046 797 -82 -42
3047 4954 76 82
3048 7618 -52 -93
3049 2579 97 14
3050 2385 -33 -46
3051 4023 98 87
3052 5991 -92 -6
3053 9318 97 94
3054 9356 -84 -99
3055 9845 94 92
3056 2478 -84 -53
3057 6126 26 58
3058 5055 -87 -14
3059 3730 42 2
3060 4383 -62 -61
3061 7791 94 75
3062 7969 -61 -30
3063 9501 79 8
3064 8840 -50 -82
3065 61 65 80
3066 1338 -17 -61
3067 3643 83 57
3068 4980 -2 -57
3069 1869 69 12
3070 8535 -25 -85
3071 4697 60 59
3072 5467 -51 -78
3073 5298 40 38
3074 6850 -40 -1
3075 6819 94 62
3076 2585 -40 -3
3077 7019 44 90
3078 958 -67 -89
3079 9783 83 8
3080 3307 -52 -31
3081 7676 97 62
3082 1276 -25 -52
3083 1815 24 35
3084 6718 -73 -49
3085 7402 59 7
3086 3371 -89 -51
3087 8166 47 12
3088 4991 -86 -97
3089 157 45 8
3090 2352 -33 -58
3091 2191 86 99
3092 9165 -84 -14
3093 3354 95 50
3094 4041 -72 -5
3095 2725 91 57
3096 2841 -95 -94
3097 6469 7 44
3098 9663 -50 -90
3099 8948 71 42
3100 7726 -39 -69
3101 5867 90 51
3102 527 -84 -23
3103 2324 4 62
3104 2464 -34 -68
3105 132 31 79
3106 7149 -8 -15
3107 7818 14 12
3108 5843 -40 -2
3109 3437 56 87
3110 6787 -89 -52
3111 8652 83 91
3112 5590 -94 -2
3113 8146 47 90
3114 4126 -86 -40
3115 606 37 19
3116 5226 -14 -26
3117 6889 27 89
3118 4329 -82 -4
3119 5605 63 65
3120 4040 -61 -19
3121 9709 50 99
3122 2915 -60 -86
3123 2602 46 87
3124 1262 -23 -67
3125 6701 91 47
3126 1923 -94 -64
3127 4642 25 85
3128 1736 -79 -25
3129 3880 59 82
3130 6008 -39 -18
3131 4640 45 39
3132 873 -6 -17
3133 1487 44 60
3134 6779 -29 -17
3135 2136 37 55
3136 9133 -44 -66
3137 3712 52 37
3138 1883 -11 -63
3139 5733 90 12
3140 775 -27 -93
3141 2644 42 88
3142 5995 -28 -96
3143 7849 91 46
3144 8475 -62 -44
3145 4719 72 58
3146 5376 -82 -65
3147 2472 56 30
3148 2322 -32 -2
3149 4542 98 91
3150 4729 -17 -24
3151 7201 69 48
3152 9223 -83 -22
3153 8722 51 21
3154 8806 -22 -99
3155 945 14 99
3156 7132 -15 -61
3157 8249 88 10
3158 9970 -29 0
3159 323 61 88
3160 8475 -83 -73
3161 5002 85 64
3162 8990 -69 -94
3163 2026 88 35
3164 9150 -73 -55
3165 9606 10 79
3166 6334 -17 -1
3167 1614 82 36
3168 8380 -61 -66
3169 1444 27 41
3170 8415 -35 -65
3171 572 43 11
3172 4695 -43 -29
3173 4829 12 63
3174 5142 -16 -44
3175 8565 19 52
3176 4757 -56 -31
3177 1787 13 59
3178 6944 -65 -44
3179 1950 6 97
3180 9215 -52 -67
3181 1022 69 55
3182 5179 -68 -23
3183 4482 47 90
3184 485 -76 -75
3185 9424 97 7
3186 400 -82 -64
3187 6263 1 65
3188 4829 -49 -61
3189 7438 28 79
3190 19 -18 -28
3191 2913 76 50
3192 8329 -75 -49
3193 1391 63 34
3194 5715 -22 -53
3195 8174 34 13
3196 1432 -3 -42
3197 1759 38 66
3198 2633 -93 -46
3199 1880 62 3
3200 6800 -98 -10
3201 1523 44 73
3202 6141 -19 -24
3203 9960 51 16
3204 388 -59 -77
3205 1047 97 43
3206 8060 -32 -78
3207 8669 46 87
3208 5608 -42 -13
3209 6624 75 78
3210 4654 0 -97
3211 4229 60 6
3212 3384 -75 -75
3213 3251 78 41
3214 6034 -47 -43
3215 1494 92 31
3216 2624 -39 -97
3217 5940 75 21
3218 6127 -1 -46
3219 4735 72 48
3220 7361 -73 -15
3221 2795 40 48
3222 2614 -33 -2
3223 2386 75 56
3224 8321 -12 -31
3225 8396 96 66
3226 3858 -45 -23
3227 3752 45 66
3228 8004 -87 -79
3229 526 53 61
3230 9644 -54 -78
3231 1239 21 87
3232 9595 -45 -30
3233 4906 92 14
3234 1619 -41 -31
3235 6683 69 98
3236 6110 -87 -24
3237 8931 24 60
3238 2757 -95 -8
3239 9206 86 3
3240 8275 -92 -5
3241 7274 16 96
3242 6487 -58 -84
3243 2744 31 40
3244 48 -26 -83
3245 9261 48 51
3246 2574 -26 -63
3247 3328 88 17
3248 5546 -29 -2
3249 6258 44 14
3250 1102 -17 -27
3251 7782 37 77
3252 859 -24 -34
3253 3828 96 40
3254 2637 -75 -76
3255 3683 4 87
3256 1720 -81 -36
3257 5502 75 89
3258 8860 -9 -27
3259 7944 20 49
3260 8753 -38 -8
3261 1514 81 72
3262 4730 -40 -11
3263 2483 6 86
3264 9084 -78 -69
3265 129 63 21
3266 3752 -70 -72
3267 1484 66 2
3268 216 -47 -47
3269 720 1 80
3270 1629 -24 -37
3271 7871 15 78
3272 8170 -25 -31
3273 3781 54 90
3274 3963 -93 -33
3275 8979 58 76
3276 3978 -80 -13
3277 4269 11 19
3278 6811 -89 -44
3279 4029 77 71
3280 5485 -93 -72
3281 5627 22 37
3282 7932 -37 -78
3283 7480 16 9
3284 6108 -93 -23
3285 9447 27 36
3286 1322 -63 -14
3287 9134 98 4
3288 6789 -31 -79
3289 5280 87 28
3290 8293 -48 -80
3291 8941 35 59
3292 9024 -64 -82
3293 9892 4 13
3294 2461 -32 -7
3295 3031 7 44
3296 3466 -42 -4
3297 8686 71 80
3298 6939 -23 -56
3299 1537 16 18
3300 6194 -51 -10
3301 6693 87 78
3302 7503 -17 -39
3303 2334 83 83
3304 1774 -38 -35
3305 6862 69 25
3306 1912 -85 -12
3307 8580 7 38
3308 7618 -45 -73
3309 1266 98 21
3310 503 -71 -45
3311 6381 35 13
3312 3261 -64 -77
3313 9529 54 45
3314 371 -11 -24
3315 5505 49 36
3316 7671 -3 -20
3317 5605 50 15
3318 386 0 -52
3319 127 31 50
3320 9713 -15 -26
3321 4290 92 41
3322 2288 -32 -33
3323 1551 78 69
3324 4782 -67 -79
3325 8274 70 29
3326 7616 -54 -86
3327 6492 72 16
3328 3361 -34 -64
3329 9674 29 24
3330 9015 -35 -3
3331 8722 97 44
3332 6806 -53 -61
3333 8064 6 62
3334 5752 -99 -95
3335 4215 98 83
3336 5044 -66 -84
3337 5110 95 27
3338 8540 -5 -73
3339 5018 60 46
3340 7915 -32 -98
3341 2984 29 69
3342 5861 -99 -62
3343 538 64 22
3344 4266 -43 -8
3345 7322 3 91
3346 1649 -49 -93
3347 5141 61 69
3348 7569 -96 -13
3349 7199 48 48
3350 318 -4 -45
3351 2865 78 40
3352 7076 -2 -50
3353 2740 76 40
3354 5272 -2 -28
3355 6577 10 69
3356 2572 -69 -36
3357 5619 22 32
3358 5990 -37 -63
3359 8397 61 16
3360 5246 -35 -29
3361 9476 86 12
3362 7249 -14 -5
3363 212 54 28
3364 9586 -36 -65
3365 6619 15 47
3366 9448 -40 -48
3367 4646 19 74
3368 9750 -43 -73
3369 6656 26 90
3370 6855 -71 -10
3371 205 28 3
3372 4055 -77 -55
3373 9383 84 70
3374 1216 -51 -59
3375 1758 45 41
3376 5173 -29 -29
3377 8595 42 96
3378 1784 -1 -15
3379 1598 57 59
3380 8859 -53 -51
3381 5587 52 47
3382 7218 -4 -60
3383 3398 25 50
3384 1741 -40 -21
3385 162 42 36
3386 3777 -35 -3
3387 1617 35 66
3388 944 -97 -26
3389 2786 46 84
3390 5264 -38 -93
3391 8290 93 77
3392 4506 -61 -68
3393 6551 29 8
3394 5641 -61 -76
3395 6627 66 32
3396 6033 -94 -68
3397 4056 60 61
3398 3039 -37 -65
3399 2419 94 66
3400 4909 -68 -29
3401 936 50 18
3402 9256 -71 -80
3403 6660 12 24
3404 24 -46 -89
3405 9228 62 56
3406 2872 -39 -97
3407 8123 24 76
3408 8974 -74 -71
3409 3502 48 81
3410 2125 -19 -41
3411 4964 3 22
3412 3295 -82 -85
3413 1162 63 42
3414 6996 -3 -12
3415 3997 38 73
3416 6955 -12 -39
3417 8831 35 7
3418 2656 -8 -75
3419 8976 98 14
3420 230 -65 -74
3421 2719 8 45
3422 2781 -83 -71
3423 6908 33 38
3424 3090 -43 -47
3425 3584 50 58
3426 3853 -77 -4
3427 6318 55 42
3428 8232 -87 -28
3429 5052 92 92
3430 5381 -73 -15
3431 1761 20 73
3432 5435 -27 -96
3433 1274 22 94
3434 8179 -79 -90
3435 6700 61 61
3436 6184 -28 -95
3437 7439 1 87
3438 5292 -47 0
3439 482 83 21
3440 6871 -83 -67
3441 2385 30 74
3442 5268 -94 -83
3443 1281 55 90
3444 1171 -80 -6
3445 5064 94 20
3446 2142 -59 -37
3447 5124 39 96
3448 6009 -11 -1
3449 2593 42 93
3450 9069 -25 -59
3451 9843 20 84
3452 1780 -97 -35
3453 9393 32 79
3454 703 -84 -75
3455 5435 86 78
3456 4184 -32 -41
3457 4359 83 84
3458 9606 -75 -15
3459 9654 76 87
3460 3550 -96 -12
3461 2773 90 37
3462 7630 -99 -63
3463 6908 99 20
3464 2505 -71 -24
3465 3218 61 34
3466 2095 -74 -95
3467 4186 23 61
3468 124 -61 -83
3469 7401 22 26
3470 1135 -92 -26
3471 5488 36 66
3472 6206 -5 -16
3473 6984 90 52
3474 1105 -64 -12
3475 9575 92 21
3476 9325 -4 -54
3477 2474 61 51
3478 5689 -51 -2
3479 5144 53 13
3480 7959 -69 -94
3481 3796 98 70
3482 5753 -17 -40
3483 3072 87 70
3484 8861 -29 -6
3485 5600 9 37
3486 4127 -18 -99
3487 9337 24 71
3488 2152 -8 -47
3489 1275 48 10
3490 4285 -58 -94
3491 2115 8 71
3492 2680 -26 -86
3493 8432 52 83
3494 2675 -95 -51
3495 9378 47 17
3496 4492 -16 -73
3497 9451 33 12
3498 2119 -22 -5
3499 413 89 27
3500 1058 -24 -27
3501 3614 2 33
3502 8331 -24 -53
3503 6079 41 49
3504 230 -45 -88
3505 316 50 71
3506 251 -65 -73
3507 4874 3 59
3508 2671 -59 -5
3509 1118 7 93
3510 7543 -52 -80
3511 5868 14 90
3512 4642 -62 -74
3513 6020 14 11
3514 7088 -77 -66
3515 3694 84 48
3516 5050 -49 -49
3517 2151 73 62
3518 5225 -6 -11
3519 4924 82 22
3520 162 -97 -10
3521 3413 66 82
3522 4308 -69 -17
3523 9193 81 58
3524 6035 -80 -43
3525 7275 14 93
3526 725 -21 -89
3527 6929 54 42
3528 9018 -73 -18
3529 7796 21 63
3530 2462 -68 -27
3531 532 53 83
3532 5777 -53 -45
3533 9732 82 47
3534 1712 -95 -70
3535 3914 51 1
3536 5908 -7 -8
3537 1190 6 70
3538 2363 -64 -31
3539 3451 46 71
3540 60 -67 -89
3541 2757 6 65
3542 3269 -86 -65
3543 238 77 69
3544 6281 -22 -49
3545 91 1 72
3546 2600 -19 -25
3547 7525 99 33
3548 7421 -36 -87
3549 7557 92 44
3550 2943 -12 -7
3551 5850 52 23
3552 406 -30 -40
3553 2014 45 88
3554 5108 -47 -91
3555 8304 49 88
3556 166 -31 -65
3557 7825 9 74
3558 5867 -62 -21
3559 6560 99 10
3560 8046 -45 -31
3561 5368 54 94
3562 8330 -95 -66
3563 6103 46 74
3564 1172 -64 -63
3565 9092 61 35
3566 5327 -48 -28
3567 8830 38 31
3568 7406 -44 -29
3569 2374 40 97
3570 3266 -19 -8
3571 3041 93 2
3572 8572 -65 -5
3573 99 7 60
3574 6580 -76 -84
3575 8037 41 71
3576 3558 -12 -89
3577 568 24 53
3578 4705 -25 -7
3579 8929 38 35
3580 569 -11 -40
3581 3131 27 12
3582 8593 -18 -82
3583 5321 50 46
3584 3477 -98 -7
3585 4646 95 71
3586 7121 -74 -40
3587 8374 86 84
3588 2212 -41 -98
3589 8718 46 76
3590 9301 -68 -82
3591 3087 45 54
3592 3788 -37 -65
3593 9509 18 98
3594 878 -82 -5
3595 9238 21 64
3596 1942 -49 -10
3597 7953 78 42
3598 9412 -57 -7
3599 2684 60 43
3600 40 -14 -51
3601 4124 83 37
3602 2642 -10 -93
3603 4544 31 92
3604 3951 -17 -35
3605 9090 55 57
3606 9668 -41 -48
3607 7385 79 10
3608 8465 -58 -27
3609 4668 85 69
3610 187 -90 -58
3611 1997 43 65
3612 1394 -37 -90
3613 3005 79 51
3614 236 -47 -98
3615 8377 11 4
3616 8739 -25 -72
3617 6116 39 25
3618 7094 -89 -44
3619 3229 40 84
3620 4437 -4 -10
3621 7738 54 99
3622 6226 -30 -76
3623 1362 76 46
3624 7373 -4 -68
3625 1479 70 94
3626 1541 -23 -6
3627 8966 0 12
3628 9737 -59 -28
3629 423 32 17
3630 8171 -77 -88
3631 5646 22 91
3632 3225 -85 -9
3633 1533 28 85
3634 4069 -39 -60
3635 6332 67 78
3636 2154 -85 -68
3637 2726 58 41
3638 5209 -25 -44
3639 8814 25 98
3640 6990 -92 -20
3641 9809 16 7
3642 9133 -44 -6
3643 3621 76 95
3644 6156 -12 -47
3645 291 73 50
3646 1143 -11 -57
3647 6011 17 73
3648 4019 -77 -27
3649 8865 30 99
3650 9115 -15 -76
3651 1226 77 62
3652 2103 -33 -19
3653 7259 40 12
3654 8132 -9 -85
3655 4207 41 76
3656 8146 -5 -30
3657 3413 36 69
3658 9188 -71 -43
3659 4655 4 42
3660 6632 -44 -16
3661 5466 94 37
3662 3943 -38 -85
3663 2706 76 40
3664 1940 -53 -10
3665 5534 72 43
3666 6629 -14 -78
3667 8702 44 15
3668 6388 -77 -99
3669 4508 35 67
3670 5136 -52 -75
3671 1601 86 58
3672 3353 -77 -45
3673 528 96 7
3674 6115 -51 -78
3675 3596 27 31
3676 2689 -97 -28
3677 8920 69 40
3678 8800 -37 -11
3679 9385 25 21
3680 3812 -4 -36
3681 7372 85 53
3682 9015 -63 -4
3683 4473 98 80
3684 1363 -47 -64
3685 5835 3 84
3686 5598 -26 -57
3687 5927 80 99
3688 8346 -13 -62
3689 1648 69 67
3690 2539 -42 -60
3691 7048 52 55
3692 9710 -13 -84
3693 1416 14 94
3694 9530 -58 -23
3695 7998 39 67
3696 2138 -8 -1
3697 6763 84 55
3698 3786 -64 -37
3699 8024 37 67
3700 85 -92 -33
3701 839 44 4
3702 6094 -27 -76
3703 1589 83 77
3704 3731 -15 -18
3705 4471 36 18
3706 2945 -77 -30
3707 3147 3 77
3708 2137 -36 -50
3709 3450 18 59
3710 3403 -83 -77
3711 7815 58 87
3712 9845 -7 -9
3713 9020 38 30
3714 320 -66 -19
3715 7803 34 95
3716 5693 -44 -92
3717 9386 48 54
3718 2914 -14 -25
3719 9293 83 87
3720 1257 -32 -72
3721 2881 28 12
3722 2968 -4 -92
3723 1582 45 72
3724 5395 -90 -20
3725 8824 72 33
3726 8578 -37 -7
3727 1064 28 2
3728 957 -79 -64
3729 8389 34 41
3730 875 -77 -36
3731 8522 19 51
3732 3109 -46 -19
3733 2293 60 65
3734 3126 -59 -4
3735 4247 61 56
3736 9470 -51 -76
3737 8083 33 58
3738 2076 -22 -54
3739 4825 31 74
3740 2074 -23 -43
3741 447 92 91
3742 2238 -84 -1
3743 2089 21 82
3744 7421 -17 -22
3745 305 1 73
3746 6903 -73 -45
3747 1296 80 6
3748 1564 -53 -63
3749 4308 48 50
3750 4631 -2 -59
3751 4253 70 44
3752 4355 -51 -91
3753 7453 96 22
3754 1346 -70 -4
3755 9690 58 75
3756 792 -70 -20
3757 1288 22 51
3758 6475 -71 -66
3759 467 59 16
3760 4789 -94 -22
3761 9520 33 56
3762 445 -40 -5
3763 2190 87 91
3764 4100 -75 0
3765 1177 7 38
3766 4637 -26 -33
3767 5079 6 47
3768 8950 -96 -70
3769 148 34 80
3770 5629 -56 -25
3771 9467 12 27
3772 6818 -51 -71
3773 6895 73 18
3774 765 -9 -2
3775 5708 88 88
3776 3319 -86 -93
3777 7740 51 34
3778 6913 -70 -56
3779 5770 21 59
3780 649 -19 -53
3781 790 35 86
3782 8761 -9 -63
3783 1417 35 94
3784 5053 -4 -44
3785 5521 59 31
3786 2795 -18 -79
3787 5340 42 53
3788 7187 -81 -70
3789 8238 23 57
3790 4978 -66 -74
3791 7619 75 57
3792 3182 -41 -17
3793 3881 66 1
3794 7606 -7 -70
3795 5745 31 28
3796 3827 -5 -28
3797 2756 85 51
3798 4426 -95 -83
3799 9701 64 6
3800 5642 -6 -74
3801 3904 19 74
3802 3254 -55 -24
3803 731 38 27
3804 4238 -51 -12
3805 5231 88 83
3806 3428 -93 -65
3807 6936 56 98
3808 2100 -47 -15
3809 1614 36 27
3810 7569 -91 -64
3811 8705 9 48
3812 1362 -42 -63
3813 2984 95 22
3814 1332 -18 -92
3815 6937 26 57
3816 4154 -38 -5
3817 942 74 3
3818 1079 -25 -40
3819 6003 66 28
3820 7475 -5 -61
3821 6040 32 17
3822 501 -51 -79
3823 8333 65 96
3824 7011 -21 -79
3825 257 95 19
3826 349 -15 -4
3827 4549 13 29
3828 944 -45 -12
3829 6709 53 44
3830 4667 0 -45
3831 4108 37 12
3832 673 -38 -57
3833 9582 55 80
3834 9499 -37 -32
3835 177 12 82
3836 2331 -27 -52
3837 4320 0 36
3838 10 -31 -70
3839 3827 36 14
3840 3203 -61 -14
3841 858 18 67
3842 9781 -55 -38
3843 1665 0 38
3844 6196 -99 -8
3845 3014 80 70
3846 823 -43 -13
3847 789 28 91
3848 6292 -52 -39
3849 247 7 5
3850 1795 -10 -73
3851 2228 83 78
3852 1170 -53 -62
3853 5214 16 24
3854 9719 -22 -52
3855 2016 28 88
3856 4308 -41 -43
3857 8966 18 10
3858 3060 -56 -9
3859 929 95 81
3860 6551 -77 -9
3861 24 90 30
3862 7313 -94 -83
3863 6694 92 15
3864 8165 -98 -84
3865 7204 70 22
3866 3373 -72 -28
3867 7091 14 62
3868 2896 -22 -90
3869 7770 28 19
3870 4917 -42 -54
3871 9115 6 34
3872 6442 -2 -29
3873 6298 78 89
3874 128 -78 -27
3875 945 83 23
3876 8554 -10 -5
3877 1316 44 6
3878 5924 -49 -81
3879 4553 8 24
3880 2457 -92 -3
3881 6397 15 88
3882 5516 -90 -99
3883 5521 73 74
3884 9258 -48 -28
3885 5423 43 0
3886 7681 -81 -47
3887 9995 88 5
3888 5033 -76 -31
3889 9985 59 23
3890 2762 -89 -90
3891 1977 14 22
3892 8594 -59 -28
3893 9356 55 82
3894 5414 -69 -79
3895 8054 81 65
3896 3310 -72 -67
3897 5138 41 66
3898 6684 -50 -91
3899 6095 24 38
3900 3255 0 -69
3901 9532 25 86
3902 2470 -2 -57
3903 1919 23 31
3904 6418 -44 -82
3905 4080 26 41
3906 8066 -15 -48
3907 6453 22 38
3908 5859 -53 -97
3909 8685 12 74
3910 3264 -19 -88
3911 3112 72 61
3912 4117 -17 -62
3913 1825 69 41
3914 9715 -66 -17
3915 2777 10 34
3916 5412 -40 -91
3917 3577 63 71
3918 4481 -58 -98
3919 5587 21 47
3920 7056 -50 -42
3921 1178 35 41
3922 634 -7 -50
3923 4203 17 14
3924 6313 -90 -87
3925 12 47 97
3926 6098 -49 -93
3927 6938 50 10
3928 4772 -84 -44
3929 5819 34 62
3930 3175 -54 -81
3931 6282 11 42
3932 148 -15 -70
3933 9513 26 90
3934 4386 -54 -74
3935 8194 65 55
3936 9854 -93 -63
3937 9622 68 3
3938 654 -73 -61
3939 9835 33 3
3940 4480 -66 -99
3941 9907 95 73
3942 8161 -94 -10
3943 8646 25 49
3944 5674 -80 -13
3945 9335 81 15
3946 4305 -4 -27
3947 887 96 5
3948 6011 -29 -90
3949 3054 77 43
3950 2855 -60 -12
3951 7080 85 48
3952 2671 -80 -21
3953 3137 63 32
3954 3658 -48 -66
3955 4012 62 18
3956 3521 -44 -83
3957 3319 73 80
3958 9733 -55 -99
3959 8741 29 90
3960 2076 -70 -52
3961 2056 14 35
3962 9152 -10 -62
3963 5895 62 37
3964 351 -19 -87
3965 2493 41 80
3966 3426 -70 -34
3967 8172 65 44
3968 1228 -67 -9
3969 1745 84 52
3970 1317 -20 -31
3971 9048 39 18
3972 9740 -78 -36
3973 1493 10 57
3974 3135 -33 -53
3975 5414 84 30
3976 6739 -50 -6
3977 2333 41 33
3978 5244 -73 -89
3979 9850 65 50
3980 5566 0 -84
3981 1399 80 86
3982 3910 -87 -98
3983 8985 44 96
3984 6393 -99 -68
3985 1163 86 85
3986 2442 -29 -55
3987 728 55 53
3988 3516 -3 -46
3989 5137 6 92
3990 842 -3 -68
3991 2411 57 20
3992 5205 -81 -79
3993 6390 25 52
3994 1237 -4 -55
3995 6600 43 52
3996 9508 -38 -86
3997 6425 74 93
3998 720 -80 -16
3999 775 63 61
4000 7576 -22 -68
4001 1337 61 85
4002 6386 -82 -32
4003 8889 77 15
4004 9362 -52 -27
4005 7252 84 39
4006 9555 -80 -74
4007 2197 48 9
4008 5123 -33 -45
4009 7642 16 52
4010 515 -54 -33
4011 835 6 94
4012 1823 -26 -94
4013 9973 8 30
4014 9870 -59 -8
4015 9042 31 13
4016 3646 -87 -42
4017 7877 67 80
4018 9037 -11 -98
4019 3446 24 61
4020 5821 -65 -93
4021 5020 54 3
4022 6471 -16 -68
4023 2784 36 55
4024 259 -46 -31
4025 6348 35 96
4026 5294 -1 -1
4027 1903 17 57
4028 7671 -80 -98
4029 6823 31 10
4030 4952 -79 -73
4031 3559 33 75
4032 8860 -76 -20
4033 5074 44 69
4034 621 -68 -86
4035 2089 47 96
4036 9241 -67 -84
4037 3941 21 85
4038 8320 -54 -66
4039 7760 59 87
4040 9483 -92 -7
4041 2503 31 40
4042 9319 -97 -73
4043 1096 88 46
4044 1102 -95 -66
4045 59 29 44
4046 6157 -66 -83
4047 7596 7 79
4048 6812 -64 -16
4049 7233 55 54
4050 5184 -92 -10
4051 3560 51 59
4052 7912 -9 -3
4053 7212 72 24
4054 4659 -29 -95
4055 7564 17 29
4056 4373 -74 -94
4057 2246 94 27
4058 1919 -1 -82
4059 12 45 89
4060 9887 -1 -47
4061 6609 18 34
4062 7607 0 -57
4063 3472 29 86
4064 3469 -76 -20
4065 742 27 26
4066 9284 -23 -62
4067 3924 58 38
4068 7882 -2 -78
4069 8957 74 50
4070 1460 -6 -41
4071 5402 28 78
4072 4898 -82 -76
4073 604 10 87
4074 8601 -44 -95
4075 4576 89 7
4076 4748 -15 -38
4077 5625 60 29
4078 5330 -85 -46
4079 2449 40 5
4080 4669 -87 -73
4081 9663 99 20
4082 7063 -18 -73
4083 4818 3 86
4084 5781 -20 -1
4085 5790 8 10
4086 2835 -4 -73
4087 4659 50 19
4088 5780 -12 -16
4089 1108 44 61
4090 4187 -12 -73
4091 1154 70 30
4092 5157 -25 -32
4093 5415 65 25
4094 7032 -9 -62
4095 5952 5 32
4096 9664 -78 -89
4097 7270 78 73
4098 9113 -38 -48
4099 5786 82 29
4100 4451 -55 -58
4101 2483 7 88
4102 2756 -81 -82
4103 680 52 81
4104 1626 -69 -30
4105 2517 59 92
4106 3537 -90 -93
4107 3868 32 6
4108 6278 -54 -92
4109 7639 82 48
4110 5807 -64 -28
4111 9241 64 22
4112 6862 -45 -63
4113 5482 23 38
4114 1155 -62 -46
4115 6138 8 43
4116 6274 -18 -52
4117 1099 49 23
4118 5433 -69 -36
4119 9906 98 95
4120 7007 -27 -2
4121 5651 55 58
4122 7255 -20 -3
4123 3801 1 43
4124 8816 -22 -33
4125 9626 7 46
4126 8120 -55 -84
4127 4881 72 10
4128 9019 -72 -60
4129 3869 47 70
4130 7972 -49 -84
4131 8401 36 91
4132 8580 -18 -80
4133 1514 12 48
4134 9368 -3 -7
4135 8347 11 63
4136 9450 -70 -58
4137 5786 63 94
4138 5967 -96 -25
4139 4032 65 95
4140 3204 -60 -24
4141 8847 32 46
4142 8063 -74 -17
4143 2261 98 4
4144 4119 -84 -68
4145 9753 29 76
4146 7445 -50 -42
4147 6895 23 48
4148 4396 -49 -7
4149 2680 41 10
4150 8146 -97 -44
4151 5108 30 68
4152 5320 -59 -73
4153 3488 20 41
4154 6982 -10 -83
4155 2322 60 9
4156 7770 -85 -82
4157 1711 0 37
4158 6506 -81 -35
4159 9593 63 75
4160 7541 -34 -10
4161 8178 6 50
4162 3939 -47 -58
4163 2831 39 84
4164 7985 -40 -4
4165 163 42 70
4166 9694 -36 -12
4167 4024 29 27
4168 5446 -87 -24
4169 7001 58 49
4170 8005 -85 -52
4171 9968 4 31
4172 288 -14 -13
4173 2299 53 21
4174 4722 -7 -24
4175 6595 84 19
4176 3118 -60 -51
4177 5291 18 95
4178 9318 -99 -73
4179 5331 0 61
4180 494 -9 -20
4181 3045 75 74
4182 4732 -76 -3
4183 6897 36 46
4184 7660 -31 -17
4185 6099 36 39
4186 2973 -37 -92
4187 8684 18 49
4188 7237 -56 -40
4189 7287 66 26
4190 1800 -91 -74
4191 6097 62 9
4192 3483 -1 -2
4193 7299 44 84
4194 1884 -90 -36
4195 5838 97 35
4196 4292 -55 -67
4197 5534 28 18
4198 5909 -13 -78
4199 6732 41 9
4200 3132 -60 -44
4201 1923 63 57
4202 1815 -92 -96
4203 9753 27 2
4204 1182 -68 -19
4205 6622 55 43
4206 3178 -97 -78
4207 205 95 25
4208 1350 -13 -51
4209 8522 26 40
4210 6294 -13 -54
4211 665 59 38
4212 2811 -73 -66
4213 52 15 16
4214 1570 -29 -73
4215 8911 24 6
4216 8676 -71 -31
4217 1303 60 42
4218 1295 -13 -85
4219 9248 63 24
4220 328 -75 -88
4221 7026 91 43
4222 4503 -61 -2
4223 480 59 51
4224 911 -4 -23
4225 3948 92 55
4226 4270 -27 -49
4227 1489 73 79
4228 7132 -13 -65
4229 7002 2 4
4230 150 -30 -81
4231 1580 22 1
4232 3107 -67 -76
4233 9359 32 31
4234 1123 -85 -3
4235 4229 28 48
4236 7034 -56 -81
4237 3641 41 84
4238 3601 -68 -46
4239 6412 14 90
4240 3200 -83 -18
4241 9562 83 8
4242 7670 -8 -41
4243 7286 85 28
4244 6243 -76 -36
4245 164 14 71
4246 1947 -78 -58
4247 6813 49 58
4248 3511 -78 -17
4249 5416 34 75
4250 9263 -10 -57
4251 6424 41 59
4252 3538 -84 -28
4253 4016 32 18
4254 2722 -98 -49
4255 6128 55 12
4256 473 -63 -8
4257 6776 10 37
4258 4294 -5 -63
4259 4702 45 72
4260 1841 -15 -69
4261 9664 84 59
4262 9359 -19 -69
4263 9628 94 55
4264 2428 -71 -99
4265 2846 69 78
4266 220 -87 -11
4267 154 21 32
4268 7704 -85 -69
4269 2400 52 55
4270 955 -16 -42
4271 6819 86 31
4272 4285 -24 -7
4273 5718 79 99
4274 1108 -61 -16
4275 951 63 56
4276 7355 -84 -95
4277 1509 21 7
4278 2588 -10 -51
4279 2459 76 37
4280 5797 -59 -15
4281 9026 25 1
4282 2843 -30 -55
4283 6643 77 3
4284 1645 -66 -42
4285 5774 94 89
4286 7228 -73 -78
4287 9420 94 0
4288 9782 -60 -21
4289 3924 81 97
4290 8935 -14 -10
4291 6360 49 68
4292 9201 -27 -57
4293 7561 13 35
4294 8764 -60 -1
4295 3621 69 69
4296 9408 -77 -97
4297 5964 13 10
4298 858 -64 -24
4299 4749 1 79
4300 4905 -28 -12
4301 7794 6 3
4302 9626 -31 -2
4303 4022 66 19
4304 6732 -60 -2
4305 5239 8 30
4306 9026 -78 -43
4307 1037 64 73
4308 3718 -33 -26
4309 2021 13 35
4310 6487 -51 -61
4311 8087 17 18
4312 6962 -67 -3
4313 3616 45 49
4314 5106 -76 -95
4315 3986 40 79
4316 8317 -21 -69
4317 8981 75 70
4318 6412 -89 -12
4319 7555 0 33
4320 4381 -75 -33
4321 2893 91 46
4322 1985 -45 -70
4323 2295 7 88
4324 107 -19 -84
4325 3461 32 24
4326 7503 -91 -51
4327 193 7 46
4328 1487 -33 -65
4329 1092 15 57
4330 8702 -53 -46
4331 8680 66 77
4332 3732 -98 -99
4333 6152 17 48
4334 9750 -92 -50
4335 7123 46 32
4336 3916 -65 -35
4337 2064 26 14
4338 2401 -85 -12
4339 4533 62 61
4340 4685 -66 -55
4341 1158 32 7
4342 5306 -67 -81
4343 7045 77 37
4344 5445 -67 -11
4345 8469 96 18
4346 2067 -25 -45
4347 9840 4 69
4348 8301 -45 -1
4349 3720 47 66
4350 7120 -25 -6
4351 5059 18 21
4352 7395 -97 -45
4353 5733 51 84
4354 4829 -19 -42
4355 2315 92 76
4356 8490 -83 -67
4357 3854 53 48
4358 7345 -70 -9
4359 2219 81 99
4360 4451 -87 -48
4361 9101 89 28
4362 3898 -68 -46
4363 8395 9 47
4364 9307 -47 -15
4365 7857 24 43
4366 6171 -23 -83
4367 7575 38 85
4368 1873 -88 -42
4369 355 58 43
4370 3191 -83 -51
4371 2750 14 69
4372 3260 -47 -68
4373 8696 59 48
4374 6905 -60 -63
4375 6364 12 70
4376 549 -5 -2
4377 7024 74 85
4378 3021 -88 -65
4379 2734 2 82
4380 6352 -9 -20
4381 9812 55 38
4382 9139 -58 -59
4383 3911 65 94
4384 160 -52 0
4385 2719 44 81
4386 9729 -50 -5
4387 8464 23 84
4388 3542 -93 -8
4389 7219 56 60
4390 2456 -74 -45
4391 1196 16 34
4392 8957 -23 -41
4393 9087 53 97
4394 4050 -36 -69
4395 4965 42 69
4396 5922 -62 -13
4397 3889 48 80
4398 7501 -84 -90
4399 5540 66 9
4400 56 -78 -53
4401 6105 38 58
4402 1865 -75 -14
4403 7406 14 55
4404 751 -74 -35
4405 7547 39 82
4406 6166 -71 -32
4407 3693 6 51
4408 2192 -61 -81
4409 3217 63 6
4410 6456 -37 -77
4411 9275 89 45
4412 5267 -6 -78
4413 8271 26 46
4414 1600 -79 -47
4415 1106 31 1
4416 8575 -57 -33
4417 6104 41 84
4418 4771 -33 -81
4419 1964 80 60
4420 4439 -31 -76
4421 3351 40 16
4422 4619 -56 -83
4423 2135 76 87
4424 3431 -41 -96
4425 3197 28 40
4426 8223 -23 -2
4427 1382 79 19
4428 4088 -56 -67
4429 2095 64 72
4430 6283 -24 -66
4431 7444 85 12
4432 7335 -28 -35
4433 7301 53 93
4434 4110 -11 -80
4435 6826 70 87
4436 5273 -6 -78
4437 7532 70 47
4438 6551 -41 -81
4439 7688 43 45
4440 2757 -10 -11
4441 2004 11 87
4442 9938 -79 -12
4443 6910 8 67
4444 7615 -77 -65
4445 3494 22 51
4446 9286 -92 -13
4447 8607 0 52
4448 5373 -53 -25
4449 6879 72 8
4450 6072 -73 -42
4451 4134 30 97
4452 538 -26 -85
4453 238 66 54
4454 4030 -75 -65
4455 8763 59 27
4456 7904 -78 -62
4457 6875 42 55
4458 6851 -12 -42
4459 183 77 51
4460 932 -29 -96
4461 3954 37 79
4462 2920 -71 -24
4463 601 69 31
4464 9364 -84 -77
4465 2748 67 62
4466 2291 -58 -45
4467 2033 53 99
4468 1856 -17 -49
4469 2591 36 54
4470 7413 -13 -85
4471 2313 52 88
4472 7554 -13 -36
4473 4743 8 0
4474 4136 -96 -81
4475 5582 71 37
4476 5598 -47 -17
4477 6793 16 3
4478 822 -98 -71
4479 6524 51 2
4480 8505 -58 -2
4481 1578 76 39
4482 5033 -12 -65
4483 2253 83 3
4484 8742 -50 -71
4485 1919 64 33
4486 5911 -85 -58
4487 8534 65 54
4488 2803 -71 -39
4489 6791 92 37
4490 346 -98 -19
4491 8259 92 16
4492 6569 -19 -19
4493 5901 80 85
4494 4520 -12 -9
4495 448 26 50
4496 8135 -32 -84
4497 4400 76 40
4498 9704 -96 -38
4499 9231 40 57
4500 9476 -89 -62
4501 1355 89 27
4502 2865 -20 -89
4503 1286 37 67
4504 1398 -48 -16
4505 4040 42 41
4506 8394 -96 -11
4507 752 42 40
4508 1954 -33 -22
4509 9243 22 67
4510 9458 -29 -45
4511 8515 7 20
4512 5888 -98 -1
4513 7813 41 78
4514 2083 -39 -10
4515 3363 52 59
4516 5560 -45 -80
4517 5451 89 38
4518 4616 -58 0
4519 7391 10 81
4520 400 -65 -28
4521 7634 93 62
4522 4942 -19 -83
4523 3373 41 8
4524 3081 -76 -18
4525 2577 53 2
4526 2759 -20 -88
4527 773 81 76
4528 3898 -9 -88
4529 6605 12 68
4530 9739 -75 -64
4531 4517 64 37
4532 5443 -31 -66
4533 7206 58 89
4534 5032 -81 -39
4535 654 10 22
4536 8346 -53 -52
4537 9559 77 18
4538 6906 -56 -52
4539 8534 41 72
4540 9706 -5 -12
4541 9736 37 65
4542 9203 -65 -64
4543 7114 92 10
4544 5188 -92 -97
4545 9275 26 51
4546 4227 -43 -11
4547 2853 1 30
4548 4748 -93 -19
4549 3886 59 78
4550 9846 -16 -16
4551 2485 30 66
4552 8811 -20 -82
4553 9154 22 23
4554 9220 -99 -96
4555 3297 77 31
4556 6550 -26 -15
4557 2010 33 44
4558 3065 -31 -54
4559 536 21 60
4560 2843 -26 -21
4561 2044 8 8
4562 8089 -5 -18
4563 5369 7 11
4564 6388 -71 -1
4565 5322 32 24
4566 2722 -11 -73
4567 5477 34 29
4568 6542 -81 -42
4569 8952 62 47
4570 2021 -37 -73
4571 9777 87 86
4572 8452 -7 -80
4573 2971 61 68
4574 3880 -39 -29
4575 9354 79 60
4576 2049 -36 -79
4577 1505 26 58
4578 330 -19 -21
4579 7276 62 66
4580 7485 -10 -88
4581 3254 59 16
4582 4649 -78 -28
4583 5551 97 6
4584 3232 -12 -44
4585 5944 45 26
4586 2060 -97 -81
4587 827 44 63
4588 2172 -43 -69
4589 3348 91 57
4590 2330 -27 -77
4591 5851 4 89
4592 7235 -13 -68
4593 3853 32 31
4594 8106 -25 -25
4595 3651 39 28
4596 6734 -66 -11
4597 4654 26 56
4598 406 -65 -70
4599 1423 80 65
4600 9834 -79 -20
4601 3267 74 59
4602 3442 -98 -56
4603 3965 16 27
4604 9915 -97 -2
4605 5670 81 91
4606 6587 -83 -67
4607 4004 75 55
4608 3005 -89 -40
4609 7060 56 39
4610 5315 -89 -74
4611 4598 32 32
4612 5448 -36 -26
4613 8897 83 21
4614 8238 -95 -68
4615 6050 83 96
4616 5719 -70 -6
4617 4924 23 2
4618 6185 -25 -37
4619 25 9 86
4620 8885 -33 -15
4621 2498 88 65
4622 9805 -9 -22
4623 1129 31 43
4624 3943 -20 0
4625 5798 15 34
4626 7526 -52 -85
4627 1546 28 78
4628 4864 -60 -79
4629 8790 72 79
4630 1785 -54 -26
4631 5220 83 12
4632 2197 -62 -63
4633 241 90 98
4634 5462 -52 -34
4635 3849 28 46
4636 6260 -86 -46
4637 686 10 12
4638 1637 -26 -48
4639 9221 81 3
4640 3474 -56 -79
4641 7354 33 72
4642 3491 -97 -34
4643 2527 37 55
4644 1627 -38 -65
4645 9987 90 36
4646 8854 -30 -96
4647 2129 9 53
4648 5912 -79 -54
4649 8629 61 71
4650 6196 -42 -55
4651 8231 86 95
4652 1848 -86 -25
4653 171 46 98
4654 8379 -30 -51
4655 3661 19 98
4656 4755 -55 -33
4657 8417 31 97
4658 7924 -36 0
4659 9061 62 86
4660 6904 -1 -93
4661 9965 51 97
4662 8029 -9 -13
4663 3261 17 70
4664 5862 -92 -43
4665 3858 46 91
4666 820 -50 -19
4667 8124 18 57
4668 9772 -23 -14
4669 3820 52 36
4670 7998 -29 -19
4671 2199 5 59
4672 723 -49 -32
4673 6523 40 51
4674 7049 -49 -44
4675 8749 36 56
4676 2912 -70 -35
4677 9619 30 93
4678 4333 -66 -7
4679 1099 77 32
4680 8705 -23 -76
4681 8396 20 95
4682 7680 -93 -87
4683 3436 87 85
4684 8278 -80 -90
4685 130 98 33
4686 1154 -43 -55
4687 6550 19 35
4688 1637 -22 -86
4689 4999 33 60
4690 258 -64 -5
4691 4360 32 75
4692 9030 -97 0
4693 8423 68 13
4694 2921 0 -66
4695 5421 37 78
4696 6094 -1 -90
4697 320 19 30
4698 263 -89 -7
4699 2001 94 21
4700 4795 -44 -91
4701 8464 94 62
4702 9035 -11 -63
4703 2593 57 53
4704 8250 -55 -56
4705 5746 89 18
4706 4418 -13 -12
4707 1570 14 87
4708 3930 -79 -34
4709 6938 47 36
4710 8589 -43 -67
4711 58 95 83
4712 7207 -66 -20
4713 7049 66 17
4714 3186 -40 -61
4715 6613 28 2
4716 402 -5 -96
4717 4954 85 43
4718 6626 -68 -13
4719 3264 34 34
4720 9173 -24 -58
4721 1998 29 17
4722 5389 -37 -64
4723 9431 43 69
4724 2926 -24 -54
4725 3991 52 63
4726 4460 -42 -98
4727 7533 45 4
4728 587 -72 -58
4729 6443 30 6
4730 1627 -48 -51
4731 9134 38 8
4732 900 -16 -7
4733 905 86 46
4734 2291 -47 -43
4735 5762 99 10
4736 1227 -54 -58
4737 5842 7 49
4738 2595 -9 -13
4739 2672 14 88
4740 3443 -67 0
4741 4144 85 66
4742 7449 -33 -40
4743 7918 29 41
4744 8060 -4 -99
4745 6942 99 97
4746 269 -3 -84
4747 7976 66 31
4748 260 -18 -1
4749 1462 35 35
4750 5478 -71 -21
4751 5110 72 27
4752 6327 -9 -50
4753 2751 91 82
4754 6907 -28 -25
4755 3619 54 31
4756 5029 0 -65
4757 3915 94 7
4758 5470 -28 -87
4759 1027 65 17
4760 9538 -52 -17
4761 8875 30 40
4762 635 -78 -84
4763 3416 89 99
4764 1488 -5 -57
4765 8210 21 35
4766 851 -20 -67
4767 6443 46 55
4768 2408 -79 -84
4769 6142 85 14
4770 8835 -39 -2
4771 6645 22 58
4772 5375 -87 -64
4773 7977 78 47
4774 3984 -12 -77
4775 772 42 72
4776 6283 -17 -64
4777 9007 10 22
4778 4726 -66 -67
4779 2500 6 7
4780 9367 -18 -92
4781 847 69 2
4782 4534 -42 -9
4783 3402 74 50
4784 2319 -46 -28
4785 4846 32 10
4786 9767 -35 -57
4787 8546 81 39
4788 3390 -39 -13
4789 6056 49 24
4790 4143 -62 -32
4791 1835 24 4
4792 8047 -56 -53
4793 5628 87 52
4794 4345 -60 -34
4795 7268 22 58
4796 1884 -27 -24
4797 266 65 5
4798 6278 -45 -8
4799 9358 22 63
4800 2762 -97 -98
4801 266 25 8
4802 8115 -69 -32
4803 4159 60 30
4804 6005 -62 -12
4805 3083 21 30
4806 8347 -31 -46
4807 3013 6 36
4808 1112 -60 -28
4809 5599 46 36
4810 7027 -44 -4
4811 9488 70 49
4812 4950 -47 -17
4813 80 7 77
4814 9092 -39 -71
4815 3796 62 18
4816 145 -92 -84
4817 9633 30 67
4818 9921 -90 -6
4819 3050 16 64
4820 9966 -35 -17
4821 8968 73 12
4822 9418 -21 -21
4823 6492 31 94
4824 3232 -7 -8
4825 4886 57 27
4826 6238 -81 -4
4827 7805 99 68
4828 435 -50 -92
4829 1690 10 15
4830 7200 -23 -58
4831 9254 21 45
4832 6176 -9 -48
4833 337 1 0
4834 4517 -91 -70
4835 9055 61 58
4836 4888 -48 -4
4837 5264 65 52
4838 7934 -50 -41
4839 9184 19 72
4840 2430 -40 -74
4841 8881 48 10
4842 5484 -77 -82
4843 3213 99 93
4844 5605 -66 -60
4845 6079 65 35
4846 3415 -90 -88
4847 7686 84 4
4848 5158 -65 -37
4849 5493 92 3
4850 4206 -11 -52
4851 8866 34 13
4852 1109 -14 -84
4853 5885 8 91
4854 8635 -26 -38
4855 3268 20 30
4856 4287 -33 -23
4857 3428 85 16
4858 7983 -28 -64
4859 6663 58 96
4860 8098 -1 -48
4861 9766 64 7
4862 7261 -21 -36
4863 3538 27 31
4864 3569 -87 -5
4865 9200 9 49
4866 6268 -66 -58
4867 933 75 38
4868 8139 -73 -22
4869 3489 36 82
4870 4020 -89 -29
4871 2884 75 25
4872 9242 -58 -53
4873 1033 2 96
4874 286 -8 -96
4875 9728 73 52
4876 8777 -34 -21
4877 5712 25 12
4878 6122 -71 -2
4879 5305 46 81
4880 2321 -30 -96
4881 9951 56 42
4882 8694 -83 -66
4883 469 59 51
4884 642 -1 -60
4885 496 5 47
4886 9564 -45 -51
4887 3288 17 25
4888 7745 -52 -94
4889 2297 0 56
4890 9447 -59 -72
4891 5104 86 21
4892 5608 -94 -38
4893 1717 1 66
4894 9438 -58 -31
4895 8341 77 57
4896 2648 -81 -95
4897 357 82 6
4898 4627 -27 -6
4899 2923 40 32
4900 7929 -75 -9
4901 3537 85 81
4902 3231 -18 -2
4903 3888 32 76
4904 8755 -73 -73
4905 584 21 44
4906 2379 -70 -76
4907 438 44 7
4908 6626 -2 -36
4909 9260 92 92
4910 3337 -83 -27
4911 5041 49 91
4912 835 -5 -9
4913 1100 7 13
4914 5064 -33 -57
4915 5233 22 58
4916 5800 -38 -67
4917 8354 3 23
4918 4831 0 -25
4919 8049 35 79
4920 5239 -73 -9
4921 7922 68 81
4922 5626 -46 -63
4923 2905 71 74
4924 2284 -4 -68
4925 7319 93 17
4926 123 -60 -25
4927 5505 80 28
4928 5837 -12 -93
4929 2228 25 55
4930 6659 -59 -87
4931 502 4 7
4932 1206 -27 -23
4933 9041 21 50
4934 6421 -7 -86
4935 99 83 86
4936 379 -41 -78
4937 4782 98 62
4938 7993 -67 -86
4939 9654 17 68
4940 2116 0 -39
4941 7120 56 64
4942 9005 -94 -60
4943 9236 38 52
4944 5001 -79 -84
4945 3921 89 27
4946 986 -69 -18
4947 5222 7 84
4948 4493 -76 -21
4949 7577 89 92
4950 7100 -23 -4
4951 7899 52 45
4952 945 -26 -29
4953 6683 85 48
4954 7211 -21 -14
4955 5836 19 65
4956 2049 -74 -92
4957 8656 11 88
4958 1160 -1 -42
4959 6957 30 8
4960 2725 -26 -5
4961 5661 4 8
4962 8357 -46 -45
4963 5719 61 92
4964 4096 -20 -36
4965 6886 72 70
4966 5931 -19 -3
4967 6980 28 96
4968 7437 -60 -85
4969 2376 97 53
4970 7039 -10 -20
4971 3694 9 81
4972 7427 -80 -37
4973 2683 80 30
4974 6095 -95 -23
4975 1020 34 62
4976 2050 -26 -34
4977 8102 33 98
4978 9088 -48 -92
4979 1857 51 19
4980 9949 -26 -61
4981 2658 26 10
4982 1862 -72 -19
4983 3549 68 9
4984 9988 -19 -93
4985 9466 52 11
4986 6747 -14 -52
4987 5860 50 73
4988 5855 -17 -26
4989 7329 11 65
4990 2836 -96 -96
4991 8476 92 16
4992 4954 -3 -20
4993 4315 71 54
4994 838 -77 -12
4995 335 26 57
4996 3821 -61 -68
4997 7974 17 43
4998 3008 -58 -46
4999 7556 72 87
5000 8483 -44 -45
