1 10673 240 5203
2 10086 4381 4142
3 10394 3039 9269
4 10027 5076 4762
5 10138 2836 3295
6 10325 8261 3006
7 10090 2789 8800
8 10316 214 5818
9 10956 8720 6928
10 10643 8041 3276
11 10647 6501 6350
12 10541 736 5623
13 10636 5771 4773
14 10488 2316 6977
15 10585 5529 5026
16 10711 3605 6412
17 10912 4538 7734
18 10007 2849 398
19 10039 9206 6479
20 10255 2406 3539
21 10422 4940 7374
22 10822 8404 6263
23 10146 9419 2419
24 10635 1134 4758
25 10263 3383 3445
26 10224 5134 9109
27 10332 3045 4890
28 10040 643 4933
29 10661 2107 6620
30 10660 9630 7180
31 10836 3840 5897
32 10783 776 3619
33 10899 8237 9334
34 10734 3269 5630
35 10681 1983 6300
36 10898 6429 5123
37 10470 3171 1768
38 10127 5635 5506
39 10058 3477 6406
40 10995 1701 3837
41 10634 4228 7660
42 10132 6964 3181
43 10970 3504 6085
44 10819 6565 2071
45 10897 9653 4697
46 10405 8486 8088
47 10188 2372 3730
48 10511 7697 6471
49 10220 1727 6367
50 10003 7336 2038
51 10809 6968 7819
52 10556 4539 7816
53 10093 5543 7656
54 10164 2218 3347
55 10974 6557 7474
56 10984 9224 3530
57 10081 5727 4551
58 10753 1646 6649
59 10068 9192 1452
60 10041 5620 6867
61 10476 893 8509
62 10292 8334 3915
63 10936 9534 327
64 10554 361 8952
65 10695 8170 7605
66 10223 2331 5840
67 10365 7642 9308
68 10293 3634 9529
69 10174 3273 7346
70 10337 3589 3657
71 10124 2807 4545
72 10475 5251 6119
73 10373 8347 31
74 10825 2358 1711
75 10661 6139 5630
76 10416 659 9103
77 10093 5352 8092
78 10412 5429 999
79 10508 7257 8820
80 10503 1681 1327
81 10032 7925 2212
82 10021 4477 3328
83 10815 5124 2741
84 10892 313 3346
85 10932 607 7285
86 10663 7698 6040
87 10316 6364 6950
88 10544 278 346
89 10796 1362 9081
90 10945 4134 6497
91 10559 2346 3343
92 10121 4193 2801
93 10638 8544 8917
94 10061 7641 4362
95 10798 2058 5840
96 10008 5994 4792
97 10155 7879 4315
98 10426 5853 8273
99 10081 6000 7399
100 10266 6909 1052
101 10646 77 54
102 10881 -39 -17
103 10155 92 14
104 10452 -37 -22
105 10307 83 96
106 10544 -96 -27
107 10280 38 47
108 10212 -39 -64
109 10052 91 60
110 10335 -79 -68
111 10967 26 27
112 10825 -5 -67
113 10827 95 71
114 10682 -45 -74
115 10406 32 45
116 10775 -54 -57
117 10029 31 59
118 10833 -60 -62
119 10810 6 6
120 10226 -94 -64
121 10790 45 99
122 10798 -39 -94
123 10429 71 91
124 10840 -99 -16
125 10714 36 48
126 10574 -70 -57
127 10626 22 7
128 10050 -34 -84
129 10634 35 78
130 10282 -36 -40
131 10313 23 84
132 10073 -49 -61
133 10661 18 46
134 10438 -32 -88
135 10394 39 3
136 10764 -46 -74
137 10160 35 66
138 10519 -7 -93
139 10466 61 24
140 10022 -17 -44
141 10915 98 10
142 10691 -71 -50
143 10848 11 69
144 10259 -44 -43
145 10923 47 27
146 10080 -98 0
147 10249 85 81
148 10123 -8 -29
149 10433 10 39
150 10304 -48 -51
151 10383 97 75
152 10331 -14 -84
153 10590 0 9
154 10704 -9 -95
155 10059 36 87
156 10707 -11 -42
157 10169 76 37
158 10852 -75 -58
159 10084 64 60
160 10065 -75 -66
161 10973 44 52
162 10980 -87 -5
163 10970 34 85
164 10414 -50 -95
165 10375 18 77
166 10511 -28 -11
167 10406 75 26
168 10820 -65 -21
169 10249 52 5
170 10380 -39 -42
171 10437 73 21
172 10676 -43 -61
173 10385 76 78
174 10472 -22 -59
175 10879 62 19
176 10840 -34 -83
177 10744 51 84
178 10342 -90 -61
179 10085 36 49
180 10808 -67 -92
181 10772 69 28
182 10658 -33 -48
183 10196 64 25
184 10695 -88 -43
185 10738 91 30
186 10975 -90 -50
187 10653 71 49
188 10021 -30 -65
189 10004 69 21
190 10458 -39 -81
191 10081 37 15
192 10747 -7 -43
193 10221 28 95
194 10888 -7 -84
195 10668 71 34
196 10475 -45 -8
197 10412 65 26
198 10696 -1 -68
199 10678 69 46
200 10319 -61 -39
201 10403 56 67
202 10034 -23 -22
203 10109 44 38
204 10430 -38 -39
205 10147 56 88
206 10741 -99 -17
207 10227 54 46
208 10617 -49 -90
209 10331 65 75
210 10903 -51 -15
211 10447 25 71
212 10199 -10 -55
213 10469 14 59
214 10547 -52 -74
215 10223 28 17
216 10780 -97 -84
217 10019 57 81
218 10745 -54 -28
219 10289 50 82
220 10173 -71 -16
221 10029 84 89
222 10555 -13 -69
223 10825 22 73
224 10760 -11 -69
225 10119 68 85
226 10464 -96 -52
227 10011 44 40
228 10345 -29 -13
229 10382 56 21
230 10436 -87 -33
231 10024 83 89
232 10543 -92 -38
233 10298 48 93
234 10048 -41 -71
235 10616 92 74
236 10339 -33 -74
237 10305 8 67
238 10634 0 -95
239 10752 74 82
240 10194 -93 -67
241 10153 59 29
242 10879 -43 -9
243 10008 4 66
244 10608 -9 -5
245 10851 72 68
246 10153 -29 -2
247 10731 31 33
248 10288 -97 -36
249 10292 67 43
250 10166 -20 -28
251 10686 60 97
252 10486 -12 -15
253 10690 8 4
254 10993 -93 -33
255 10649 84 85
256 10291 -37 -8
257 10483 75 96
258 10087 -75 -10
259 10749 1 27
260 10915 -47 -74
261 10484 62 46
262 10949 -42 -75
263 10022 94 8
264 10814 -28 -9
265 10764 81 99
266 10549 -24 -94
267 10768 52 78
268 10880 -95 -39
269 10105 19 23
270 10264 -21 -94
271 10074 62 93
272 10855 -92 -41
273 10061 20 26
274 10468 -44 -39
275 10012 20 35
276 10027 -19 -28
277 10593 5 91
278 10184 -83 -51
279 10493 82 90
280 10612 -64 -48
281 10547 40 69
282 10669 -46 -50
283 10727 44 53
284 10201 -59 -99
285 10677 60 79
286 10164 -10 -25
287 10804 70 71
288 10661 -93 -72
289 10898 10 88
290 10071 -72 -78
291 10597 93 82
292 10681 -13 -64
293 10366 54 35
294 10855 -56 -61
295 10328 7 28
296 10931 -97 -63
297 10440 82 23
298 10710 -79 -37
299 10222 10 0
300 10865 -28 -95
301 10083 67 26
302 10791 -73 -54
303 10434 73 26
304 10405 -86 -19
305 10997 25 36
306 10337 -61 -50
307 10026 57 93
308 10889 -49 -68
309 10483 66 30
310 10534 -94 -34
311 10396 74 20
312 10180 -25 -83
313 10953 27 21
314 10003 -53 -21
315 10591 50 44
316 10218 -45 -65
317 10915 7 30
318 10533 -76 -67
319 10867 37 75
320 10918 -83 -13
321 10089 8 39
322 10639 -71 -41
323 10562 39 69
324 10960 -19 -6
325 10813 36 96
326 10132 -91 -68
327 10821 66 19
328 10104 -98 -25
329 10620 91 99
330 10651 -99 -44
331 10773 58 79
332 10128 -81 -89
333 10622 59 21
334 10190 -95 -1
335 10510 91 89
336 10468 -4 -92
337 10046 85 59
338 10930 -96 -52
339 10651 12 87
340 10243 -47 -33
341 10310 30 7
342 10303 -50 -85
343 10862 2 12
344 10120 -47 -91
345 10759 30 57
346 10504 -52 -19
347 10899 57 49
348 10908 -78 -58
349 10639 76 19
350 10102 -80 -72
351 10949 7 12
352 10532 -31 -10
353 10284 13 92
354 10427 -50 -6
355 10352 15 27
356 10845 -31 -13
357 10038 45 28
358 10065 -14 -83
359 10979 67 23
360 10168 -11 -97
361 10285 19 79
362 10482 -3 -9
363 10946 46 76
364 10284 -60 -53
365 10088 50 62
366 10711 -54 -4
367 10469 65 93
368 10192 -53 0
369 10353 17 43
370 10947 -18 -16
371 10186 93 61
372 10320 -61 -71
373 10988 63 72
374 10395 -14 -53
375 10097 21 28
376 10287 -39 -63
377 10737 31 92
378 10510 -99 -72
379 10460 13 43
380 10359 -30 -52
381 10717 44 48
382 10490 -16 -88
383 10280 23 78
384 10764 -67 -57
385 10346 76 57
386 10608 -56 -21
387 10910 16 15
388 10152 -99 -97
389 10081 79 98
390 10983 -53 -99
391 10515 27 56
392 10633 -59 -42
393 10036 89 7
394 10088 -23 -10
395 10474 84 36
396 10527 -62 -82
397 10298 67 91
398 10058 -87 -66
399 10668 37 35
400 10413 -35 -18
401 10810 27 29
402 10776 -50 0
403 10504 83 63
404 10812 -25 -88
405 10493 91 75
406 10503 -2 -33
407 10944 31 52
408 10235 -38 -92
409 10366 46 30
410 10569 -91 -13
411 10665 65 10
412 10925 -4 -52
413 10895 3 80
414 10018 -75 -61
415 10768 40 37
416 10818 -12 -56
417 10581 96 89
418 10363 -27 -16
419 10646 61 36
420 10535 -59 -42
421 10696 85 56
422 10240 -73 -95
423 10865 0 5
424 10461 -87 -45
425 10148 19 15
426 10656 0 -12
427 10141 90 65
428 10140 -6 -76
429 10323 55 72
430 10875 -86 -49
431 10551 33 80
432 10941 -90 -72
433 10564 10 79
434 10980 -12 -17
435 10618 95 10
436 10353 -64 -74
437 10006 73 73
438 10338 -86 -98
439 10431 14 58
440 10290 -27 -60
441 10451 95 97
442 10930 -4 -14
443 10472 23 27
444 10673 -31 -11
445 10870 40 1
446 10515 -98 -82
447 10817 68 32
448 10415 -95 -66
449 10766 56 16
450 10515 -67 -65
451 10800 93 72
452 10309 -94 -84
453 10754 70 71
454 10794 -63 -53
455 10771 76 98
456 10649 -5 -58
457 10888 53 77
458 10923 -71 -86
459 10349 89 91
460 10233 -64 -19
461 10456 45 24
462 10603 -33 -13
463 10130 92 67
464 10129 -32 -45
465 10943 94 84
466 10911 -92 -44
467 10497 11 23
468 10728 -61 -36
469 10877 33 87
470 10358 -17 -79
471 10971 50 71
472 10062 -95 -90
473 10241 12 15
474 10419 -71 -16
475 10207 60 70
476 10624 -64 -52
477 10519 38 8
478 10274 -9 -85
479 10622 45 96
480 10125 -45 -36
481 10110 26 60
482 10064 -87 -9
483 10955 5 48
484 10599 -89 -57
485 10955 18 77
486 10063 -83 -26
487 10175 68 47
488 10801 -87 -91
489 10910 31 83
490 10854 -28 -28
491 10322 85 36
492 10721 -78 -47
493 10029 35 54
494 10602 -87 -98
495 10651 79 98
496 10340 -26 -44
497 10771 46 71
498 10781 -57 -21
499 10768 37 87
500 10183 -75 -95
