10001 1 5268 3413 5392 3579 21
10002 2 2366 555 2546 790 1
10003 1 5665 4425 5806 4594 183
10004 1 3830 4280 4025 4468 61
10005 3 8162 5574 8332 5786 197
10006 2 1617 1455 1778 1661 35
10007 2 531 9531 673 9761 185
10008 1 2381 1092 2597 1293 190
10009 3 2635 8116 2840 8293 193
10010 2 6650 2053 6775 2233 176
10011 3 6612 5933 6789 6089 116
10012 1 3007 2787 3210 2988 170
10013 3 1980 5130 2143 5301 44
10014 2 2717 9206 2869 9406 21
10015 3 2773 4754 3001 4964 113
10016 2 4634 6365 4800 6593 183
10017 3 6484 5210 6703 5402 178
10018 2 9376 6405 9523 6586 59
10019 3 3458 9135 3608 9301 113
10020 2 4364 8878 4512 9060 199
10021 1 3842 8864 4042 8990 18
10022 2 7524 2040 7652 2251 139
10023 2 2493 9391 2613 9611 120
10024 3 3535 4509 3703 4677 9
10025 3 2272 6065 2463 6301 132
10026 1 1911 4661 2141 4889 198
10027 1 9353 4328 9529 4515 97
10028 2 9235 4392 9392 4533 29
10029 1 6613 4506 6802 4705 57
10030 1 7571 6369 7802 6601 21
10031 2 572 9178 782 9403 171
10032 3 5670 6114 5834 6293 143
10033 1 6059 4345 6236 4488 163
10034 3 6566 9679 6790 9799 61
10035 1 9559 3346 9706 3536 53
10036 3 6315 2934 6492 3146 34
10037 1 1013 2564 1235 2742 185
10038 1 3730 1803 3919 2013 90
10039 3 6535 3263 6719 3383 70
10040 1 2556 4533 2792 4741 130
10041 1 8754 1496 8989 1711 31
10042 3 5118 9436 5271 9608 58
10043 1 1218 1627 1344 1753 51
10044 2 7380 967 7507 1110 110
10045 1 8767 7158 8913 7312 189
10046 2 134 8757 273 8902 90
10047 1 3830 6324 3976 6532 105
10048 1 9455 1400 9632 1550 132
10049 1 7554 5573 7762 5696 199
10050 2 6250 3284 6409 3408 79
10051 3 6586 291 6772 481 188
10052 2 1704 4006 1829 4139 44
10053 1 9501 2863 9700 3070 108
10054 1 9577 2023 9786 2179 128
10055 3 846 2225 982 2410 86
10056 1 4750 3538 4975 3668 160
10057 1 2006 3218 2202 3420 115
10058 2 6 839 205 1029 59
10059 2 1218 1990 1345 2161 119
10060 1 6866 5393 7067 5608 9
10061 3 6099 6456 6259 6647 118
10062 3 3037 6883 3191 7065 44
10063 1 6246 1579 6418 1700 82
10064 1 1208 8313 1384 8496 170
10065 2 8520 7305 8662 7436 151
10066 2 2739 7269 2915 7423 1
10067 2 5399 4996 5569 5183 123
10068 1 6855 3006 7042 3221 89
10069 3 3586 976 3764 1147 141
10070 2 3728 3621 3947 3743 101
10071 2 2760 8141 2935 8356 194
10072 1 1919 2450 2061 2574 87
10073 1 5913 2551 6146 2694 16
10074 2 714 9582 859 9709 50
10075 2 4911 1365 5081 1595 183
10076 3 3770 1581 4001 1735 181
10077 2 7438 9518 7673 9732 184
10078 3 1288 5804 1440 5968 156
10079 1 909 2010 1080 2210 169
10080 3 4067 1295 4222 1436 16
10081 3 3470 6505 3629 6672 119
10082 3 4218 3121 4353 3261 72
10083 1 7870 8652 8108 8848 109
10084 1 731 2374 920 2608 104
10085 3 1398 4799 1593 4993 136
10086 3 6444 8661 6645 8813 194
10087 3 1875 4375 2065 4526 162
10088 1 4687 6177 4913 6365 172
10089 2 5604 51 5771 271 176
10090 1 4115 7667 4283 7822 137
10091 3 662 402 852 525 145
10092 2 9660 8599 9840 8837 94
10093 1 819 4366 1057 4601 179
10094 2 8267 6231 8405 6464 45
10095 1 4778 9053 4955 9282 110
10096 1 4238 9395 4470 9564 172
10097 1 1139 3595 1327 3783 8
10098 2 4735 1237 4955 1427 121
10099 2 1377 4521 1540 4714 159
10100 1 2427 7063 2648 7187 60
10101 3 2801 9085 2970 9287 197
10102 2 2266 7035 2503 7219 67
10103 2 5572 4844 5734 5022 24
10104 2 2941 3439 3127 3655 39
10105 1 6531 3962 6716 4145 174
10106 2 6005 3082 6130 3282 44
10107 3 1177 514 1361 708 52
10108 3 1118 8910 1256 9097 95
10109 3 2440 9518 2601 9746 137
10110 1 9417 3039 9624 3191 114
10111 1 1395 8550 1618 8699 129
10112 1 2678 831 2888 1062 161
10113 2 4743 5807 4970 5996 9
10114 3 1749 3613 1926 3750 180
10115 2 556 8665 754 8810 197
10116 1 2652 9084 2782 9322 35
10117 2 2560 9298 2683 9468 9
10118 2 3640 6015 3821 6214 40
10119 1 5195 3714 5424 3886 188
10120 2 674 5914 859 6091 105
10121 3 7185 1590 7397 1819 48
10122 3 1849 8586 1993 8720 13
10123 1 900 5763 1132 5960 145
10124 3 1092 5784 1316 5969 115
10125 2 2174 5160 2310 5320 5
10126 2 9486 8916 9671 9056 31
10127 1 5165 1287 5379 1526 174
10128 1 780 1917 983 2058 4
10129 1 456 3099 598 3264 179
10130 1 8039 420 8276 625 52
10131 2 1052 9578 1189 9724 64
10132 1 3947 7114 4185 7286 147
10133 1 470 3078 646 3298 138
10134 2 9079 8761 9224 9000 155
10135 2 8066 9562 8295 9697 20
10136 2 5148 972 5351 1141 9
10137 2 8885 3636 9060 3828 70
10138 3 700 4078 862 4287 33
10139 3 8359 1322 8536 1494 33
10140 3 4155 1279 4335 1506 70
10141 3 394 213 617 427 118
10142 3 2992 419 3171 615 79
10143 2 8057 78 8242 264 23
10144 1 1176 4644 1319 4798 1
10145 3 3515 4019 3754 4148 13
10146 3 1616 9052 1765 9262 113
10147 3 6635 5716 6761 5869 21
10148 2 3564 8721 3700 8904 58
10149 1 4509 4366 4738 4554 81
10150 2 8558 7612 8772 7807 9
10151 2 8932 7601 9131 7761 9
10152 1 3630 4084 3814 4228 172
10153 2 3568 2499 3799 2635 131
10154 2 1570 9529 1776 9738 182
10155 1 7956 2080 8195 2255 64
10156 3 8315 8677 8546 8908 150
10157 2 4724 4918 4894 5130 80
10158 2 6323 5431 6538 5591 124
10159 3 4488 7887 4611 8064 14
10160 3 8888 7761 9051 7994 91
10161 1 3092 4793 3281 4982 21
10162 2 3583 1273 3742 1506 176
10163 2 7244 5425 7397 5642 151
10164 1 3579 7705 3770 7889 79
10165 2 7946 2756 8098 2904 197
10166 2 6985 7967 7113 8119 157
10167 1 3560 2018 3688 2209 163
10168 1 5233 3637 5365 3764 72
10169 3 5802 1623 5950 1862 187
10170 2 1420 5308 1560 5467 107
10171 1 790 274 935 422 15
10172 3 4700 1198 4824 1346 170
10173 3 1586 3680 1817 3908 147
10174 2 1172 8400 1324 8533 140
10175 1 8079 5231 8276 5377 18
10176 1 3018 7064 3240 7223 129
10177 3 806 1935 1008 2155 67
10178 3 4416 5136 4568 5267 52
10179 1 2635 3268 2864 3441 16
10180 2 4541 8481 4707 8705 99
10181 1 8727 6198 8874 6423 98
10182 1 7724 2468 7875 2692 53
10183 2 3415 2588 3544 2819 180
10184 2 2024 752 2203 945 15
10185 1 4898 5744 5040 5948 86
10186 1 7823 4605 7971 4777 108
10187 3 8818 2756 8971 2965 118
10188 3 3179 6682 3310 6883 178
10189 3 1553 7041 1774 7193 105
10190 3 1128 2878 1284 3109 161
10191 1 5941 1272 6152 1441 71
10192 3 2645 7605 2872 7811 57
10193 3 7927 9444 8106 9576 163
10194 3 4771 872 4896 1098 1
10195 1 61 4798 262 4923 145
10196 2 9151 2473 9306 2638 158
10197 3 9359 7202 9520 7376 195
10198 1 784 1781 996 1917 117
10199 3 1065 3877 1300 4043 116
10200 3 7677 9567 7799 9793 181
10201 2 9271 9374 9394 9602 131
10202 2 5878 9676 6070 9845 98
10203 3 2958 5624 3188 5769 134
10204 2 54 8050 269 8187 68
10205 1 6576 5333 6748 5478 67
10206 3 5638 1172 5846 1378 127
10207 3 965 9264 1110 9424 183
10208 1 2322 4518 2480 4699 15
10209 3 8178 2124 8338 2322 180
10210 1 4330 5385 4469 5509 129
10211 3 7636 9073 7772 9251 191
10212 1 3936 2097 4136 2227 46
10213 2 5969 7809 6184 7930 93
10214 1 2295 6448 2497 6622 2
10215 2 7554 4468 7748 4638 177
10216 3 8765 876 8890 1064 162
10217 2 5190 8854 5341 8988 154
10218 2 7156 3755 7391 3956 183
10219 2 8271 4289 8505 4478 55
10220 1 6221 9585 6372 9733 45
10221 1 3186 1980 3312 2209 180
10222 3 5098 4211 5294 4354 44
10223 3 7442 9045 7656 9193 27
10224 2 4508 9500 4641 9710 68
10225 2 8094 9695 8254 9843 137
10226 3 8193 8995 8361 9199 49
10227 1 7882 4312 8118 4525 197
10228 1 6578 6440 6787 6666 130
10229 1 520 4291 744 4512 122
10230 1 3048 1884 3259 2107 43
10231 1 2531 2890 2694 3014 147
10232 2 4482 2110 4642 2234 150
10233 1 9524 1460 9706 1588 187
10234 1 3179 4813 3321 5020 183
10235 2 507 3631 708 3843 53
10236 3 2341 7678 2470 7853 72
10237 3 4152 6518 4299 6700 174
10238 3 6556 6182 6693 6330 12
10239 2 6767 2243 6926 2372 68
10240 2 8748 5080 8913 5276 32
10241 2 6753 252 6883 454 128
10242 2 6113 4634 6299 4830 41
10243 3 2399 9408 2613 9608 94
10244 1 5562 5319 5751 5510 160
10245 3 860 3588 1034 3770 187
10246 2 1248 7377 1482 7579 167
10247 1 7323 754 7479 977 134
10248 1 1183 581 1305 732 7
10249 1 7230 6937 7422 7115 125
10250 1 9510 6819 9734 7050 191
10251 1 9662 2922 9792 3143 68
10252 1 1462 1971 1694 2141 24
10253 1 7344 1270 7571 1425 40
10254 1 4429 3188 4644 3360 139
10255 2 7247 3034 7471 3273 189
10256 1 7889 6279 8014 6448 144
10257 1 2529 4035 2735 4214 114
10258 3 2324 6520 2468 6735 106
10259 3 3288 4650 3455 4877 140
10260 1 5930 9574 6113 9768 154
10261 1 8603 3581 8773 3774 131
10262 3 2858 2649 2978 2840 19
10263 3 9096 5554 9276 5786 175
10264 2 3607 8725 3728 8904 64
10265 1 7232 7982 7443 8118 78
10266 2 3330 121 3559 310 101
10267 3 8198 9225 8415 9454 64
10268 3 1603 2156 1766 2355 13
10269 3 55 3047 229 3237 120
10270 1 2236 1244 2403 1483 88
10271 2 3248 1473 3447 1643 54
10272 2 8731 3742 8855 3939 168
10273 3 7648 2285 7861 2445 67
10274 1 3813 4182 3971 4375 142
10275 2 5540 6381 5675 6595 120
10276 2 7289 2588 7449 2778 139
10277 1 1946 2330 2094 2531 119
10278 1 3294 9407 3513 9640 195
10279 1 8031 1314 8244 1499 179
10280 2 2935 2692 3099 2813 59
10281 3 8367 6612 8547 6746 84
10282 1 3037 8165 3178 8389 151
10283 3 4548 8722 4687 8864 49
10284 2 8412 995 8585 1121 166
10285 1 2216 9729 2445 9952 102
10286 3 3484 9189 3611 9427 69
10287 3 3973 5383 4186 5570 79
10288 2 1693 3861 1879 4076 1
10289 1 8889 3716 9070 3887 198
10290 1 1501 134 1722 367 185
10291 1 6749 9388 6904 9619 115
10292 3 8474 6067 8651 6232 183
10293 2 8230 5434 8357 5668 44
10294 2 6825 5493 7062 5698 165
10295 2 9700 8189 9875 8345 81
10296 1 5020 8993 5223 9114 84
10297 1 5957 8773 6104 8972 175
10298 3 4916 140 5147 371 154
10299 3 6880 8561 7075 8696 33
10300 3 1360 5445 1599 5681 4
10301 1 6062 6476 6289 6613 12
10302 1 9450 6823 9650 6983 29
10303 2 2097 7665 2331 7841 161
10304 2 5717 4900 5878 5060 162
10305 1 5955 2380 6081 2561 102
10306 3 3945 9631 4141 9774 53
10307 1 1220 2640 1439 2800 172
10308 1 8442 2531 8609 2670 124
10309 3 5954 1714 6113 1933 35
10310 3 738 6462 877 6620 123
10311 3 5231 5011 5394 5147 112
10312 1 3469 9218 3692 9358 66
10313 1 5037 6486 5220 6676 130
10314 3 8167 6303 8290 6503 165
10315 1 4727 5390 4867 5517 51
10316 2 2284 9722 2444 9917 25
10317 2 9242 2115 9390 2279 148
10318 3 4455 2218 4643 2361 95
10319 1 29 8134 197 8280 167
10320 3 5498 1370 5635 1501 65
10321 3 1714 4466 1844 4691 73
10322 3 1548 559 1705 688 129
10323 1 1208 4653 1331 4834 158
10324 2 1133 8954 1328 9124 13
10325 2 6555 1545 6758 1713 165
10326 1 4207 7041 4407 7173 152
10327 2 4979 1085 5206 1213 177
10328 2 47 4652 185 4795 120
10329 3 2024 1486 2245 1654 172
10330 2 6838 1453 6961 1606 161
10331 2 3795 1132 4033 1274 42
10332 3 2428 568 2602 787 18
10333 2 5496 9250 5633 9383 143
10334 3 868 6836 1012 7012 34
10335 2 6998 9343 7237 9524 105
10336 2 8499 4329 8735 4464 113
10337 1 8017 4412 8182 4591 74
10338 1 4814 6678 4996 6801 173
10339 2 3705 2234 3889 2379 86
10340 3 4819 5292 4943 5487 157
10341 3 8774 7509 9001 7654 18
10342 3 2187 4549 2324 4767 85
10343 3 6059 3700 6205 3911 145
10344 1 4686 5407 4826 5561 22
10345 3 2245 3664 2415 3891 133
10346 3 7655 3220 7823 3352 105
10347 1 6908 6275 7129 6462 19
10348 1 9234 4623 9399 4828 172
10349 1 5506 5438 5667 5653 113
10350 2 5077 2594 5278 2769 191
10351 3 1741 717 1936 865 32
10352 2 1450 4587 1646 4718 166
10353 3 4006 3469 4138 3701 179
10354 3 4770 2996 4914 3160 115
10355 1 643 5704 852 5840 175
10356 3 8061 8665 8225 8839 147
10357 3 3624 4724 3765 4917 99
10358 3 4946 6186 5121 6397 130
10359 3 9230 7724 9451 7858 62
10360 2 9584 6188 9817 6339 140
10361 3 5148 1165 5295 1353 128
10362 1 2380 7926 2573 8132 127
10363 3 21 3887 253 4081 194
10364 2 2074 6284 2262 6484 189
10365 3 9385 68 9534 266 33
10366 3 1163 1103 1352 1303 99
10367 3 5993 8221 6167 8379 102
10368 1 9558 990 9794 1220 167
10369 3 325 9016 493 9247 119
10370 3 392 6654 578 6775 182
10371 3 5404 4930 5529 5158 21
10372 2 4839 4307 5029 4432 66
10373 1 7559 8789 7698 8928 1
10374 3 3788 4366 3968 4545 15
10375 1 1642 8755 1821 8928 125
10376 1 597 1904 739 2115 13
10377 2 6658 4956 6820 5189 132
10378 2 1890 2869 2017 3015 177
10379 1 1823 4248 2014 4378 140
10380 2 4979 3634 5197 3781 63
10381 3 7790 7201 8010 7338 58
10382 2 721 2508 891 2682 149
10383 1 204 9298 432 9419 22
10384 1 4258 7665 4479 7825 167
10385 1 8411 5642 8573 5782 96
10386 1 8431 7468 8566 7615 92
10387 1 1610 3867 1835 3996 109
10388 3 4774 4791 4939 4911 149
10389 2 4831 1207 4981 1424 177
10390 3 6135 5440 6336 5625 172
10391 3 3745 3174 3954 3381 168
10392 3 6589 4389 6743 4572 176
10393 1 6289 6791 6499 7001 19
10394 2 7228 9367 7390 9555 186
10395 1 8884 3612 9072 3837 23
10396 1 8025 5869 8251 6090 35
10397 2 6291 5936 6513 6101 54
10398 1 4715 4504 4923 4662 104
10399 2 2149 8918 2382 9108 176
10400 2 3376 795 3498 1021 161
10401 3 537 7524 685 7695 98
10402 3 4702 8977 4921 9143 87
10403 3 3099 1925 3297 2112 61
10404 3 8873 6457 9076 6587 116
10405 1 4766 9446 4922 9611 15
10406 2 9181 342 9323 521 196
10407 3 6235 8105 6419 8274 166
10408 3 873 5485 1002 5702 161
10409 2 1294 5587 1495 5812 29
10410 2 6776 4055 6993 4292 42
10411 2 6541 8262 6751 8385 179
10412 3 8329 2880 8506 3077 140
10413 2 2763 7954 2899 8092 92
10414 1 2016 8913 2207 9107 28
10415 2 6129 2661 6265 2826 106
10416 1 6912 5011 7049 5177 75
10417 1 6818 7989 7013 8216 162
10418 1 2902 3992 3042 4165 69
10419 1 3133 5136 3331 5269 70
10420 2 9324 1963 9523 2117 152
10421 1 2098 273 2243 415 121
10422 2 2132 2915 2294 3141 143
10423 2 634 5884 868 6114 19
10424 1 5802 6722 5954 6908 54
10425 3 6797 8744 6977 8960 133
10426 1 4431 8640 4617 8833 16
10427 2 156 8531 283 8689 69
10428 3 1369 1985 1526 2197 181
10429 3 5845 9289 5975 9436 178
10430 3 340 532 565 729 19
10431 2 4563 4392 4729 4523 172
10432 2 7240 7851 7458 8077 8
10433 1 9311 6035 9494 6191 65
10434 3 3153 3906 3275 4097 196
10435 1 8845 5948 9003 6084 192
10436 3 4319 5919 4474 6050 168
10437 1 2816 2552 2986 2753 133
10438 2 555 2739 755 2877 145
10439 1 4933 8541 5062 8672 36
10440 2 9752 7781 9890 7979 117
10441 1 5216 7652 5435 7787 81
10442 1 4194 1816 4360 2019 164
10443 1 4812 2991 5004 3120 61
10444 1 5368 5989 5579 6125 60
10445 2 7723 1865 7869 2044 77
10446 3 6457 3274 6626 3472 79
10447 1 8348 7493 8481 7634 104
10448 3 9600 1574 9818 1754 78
10449 2 9005 6200 9192 6381 78
10450 1 8604 2546 8742 2764 171
10451 1 5511 4285 5695 4419 166
10452 1 3979 1593 4196 1801 189
10453 1 965 8328 1152 8535 94
10454 1 9652 8588 9825 8776 136
10455 3 6520 7086 6658 7281 131
10456 1 3391 1181 3595 1313 82
10457 2 1867 992 2074 1121 161
10458 2 938 5622 1093 5840 169
10459 3 364 3730 557 3899 45
10460 2 5636 2318 5773 2557 10
10461 1 4871 7102 5005 7295 21
10462 1 3862 8139 4037 8368 154
10463 3 8968 3483 9150 3662 89
10464 2 6945 4744 7083 4925 10
10465 3 4424 6546 4573 6782 159
10466 2 3108 6784 3271 7016 173
10467 3 4661 6433 4818 6654 26
10468 3 5857 9659 6009 9859 145
10469 3 9101 9108 9297 9287 155
10470 3 8920 5777 9156 5974 7
10471 2 3582 790 3715 949 106
10472 2 5238 4332 5365 4479 172
10473 2 6195 184 6390 305 24
10474 1 2098 6160 2223 6328 147
10475 3 121 4455 250 4583 113
10476 3 9334 8459 9521 8580 135
10477 3 4376 7979 4529 8138 167
10478 3 5277 9519 5451 9650 191
10479 2 7465 7655 7661 7821 49
10480 1 4966 9208 5149 9376 24
10481 2 9589 8152 9805 8275 157
10482 1 6747 8737 6925 8921 184
10483 3 8428 3802 8598 4005 63
10484 2 1238 5130 1442 5341 20
10485 3 9660 9515 9872 9649 15
10486 1 3726 2254 3903 2462 25
10487 2 6275 7866 6402 7996 118
10488 3 1519 3549 1693 3716 31
10489 2 6189 8594 6394 8829 185
10490 3 223 2425 396 2659 46
10491 1 8766 4807 8905 4994 71
10492 3 697 7134 872 7351 176
10493 1 1488 1127 1655 1273 120
10494 1 3674 669 3909 896 31
10495 2 5628 2346 5772 2555 108
10496 2 231 6616 397 6777 59
10497 2 9110 4288 9235 4467 124
10498 1 8699 5652 8839 5882 158
10499 1 6495 4737 6698 4942 28
10500 1 1320 5380 1461 5583 6
10501 1 4457 1418 4655 1608 108
10502 2 9302 3605 9455 3749 168
10503 2 6992 7271 7229 7495 9
10504 1 9666 6056 9853 6263 34
10505 1 4527 4799 4699 4989 189
10506 3 1492 4359 1676 4550 143
10507 2 1676 3620 1903 3857 108
10508 3 9122 7055 9289 7236 131
10509 1 7292 2264 7448 2428 155
10510 1 4631 3629 4841 3788 97
10511 2 9133 3791 9317 3913 99
10512 3 6197 4838 6417 5023 14
10513 3 3273 3983 3413 4173 134
10514 2 72 607 234 825 161
10515 1 5253 126 5428 295 72
10516 2 5113 2627 5297 2815 123
10517 3 8692 3615 8823 3748 84
10518 2 4597 7611 4813 7838 132
10519 3 8669 2305 8850 2530 82
10520 3 7169 8527 7377 8745 129
10521 3 4029 5567 4220 5794 97
10522 1 3379 6734 3535 6955 18
10523 3 3815 8850 4037 9071 37
10524 3 4349 7028 4499 7180 89
10525 1 4289 296 4513 430 192
10526 1 7711 9121 7845 9322 176
10527 2 3072 7158 3221 7281 99
10528 3 2574 4575 2788 4774 17
10529 3 2440 3999 2622 4233 17
10530 2 8854 4939 9051 5161 167
10531 2 7540 8935 7763 9070 9
10532 2 4482 3912 4658 4132 44
10533 3 9021 6152 9233 6391 77
10534 3 2048 1971 2189 2185 132
10535 1 6197 962 6411 1172 107
10536 3 9644 8035 9883 8238 59
10537 2 5282 5059 5520 5296 43
10538 2 3355 2932 3586 3111 105
10539 3 6387 1098 6609 1286 113
10540 3 9251 5413 9448 5603 120
10541 2 9214 2042 9430 2280 109
10542 1 1082 6686 1278 6864 154
10543 1 7479 9229 7717 9411 63
10544 1 9141 4872 9351 5085 118
10545 2 9631 1973 9844 2137 66
10546 3 7886 685 8035 872 78
10547 2 4244 6902 4422 7101 130
10548 3 5387 7924 5560 8086 116
10549 3 7913 9266 8094 9403 117
10550 1 2764 2092 2961 2319 164
10551 3 3036 6339 3233 6488 123
10552 3 7130 6347 7315 6496 103
10553 3 4009 948 4246 1144 109
10554 2 6268 7259 6430 7473 114
10555 3 6449 7675 6657 7906 94
10556 1 1372 7178 1493 7329 170
10557 1 4559 980 4729 1162 63
10558 2 4034 9181 4268 9337 197
10559 2 3422 3292 3601 3451 9
10560 2 1185 5671 1357 5794 139
10561 3 7962 9315 8112 9508 5
10562 3 6732 2850 6890 3023 116
10563 1 6264 3156 6427 3368 3
10564 3 1211 9564 1393 9768 13
10565 1 138 603 300 757 192
10566 3 5522 5554 5677 5740 1
10567 3 8935 306 9098 454 23
10568 3 6658 3640 6859 3860 79
10569 2 2713 8966 2857 9152 43
10570 1 6884 4767 7040 4890 124
10571 1 543 9740 678 9889 50
10572 3 4565 6381 4799 6589 58
10573 3 9309 9116 9482 9321 140
10574 1 6016 3595 6225 3797 128
10575 1 2268 2241 2470 2465 145
10576 1 3215 6797 3429 6943 60
10577 2 7045 6307 7206 6488 110
10578 2 4399 7485 4552 7687 56
10579 3 9028 6984 9166 7203 160
10580 3 3721 5971 3850 6130 34
10581 3 8390 2438 8613 2586 144
10582 2 4402 8181 4614 8391 190
10583 3 6135 7060 6355 7254 50
10584 1 8442 435 8616 606 4
10585 1 5012 212 5249 351 158
10586 2 2941 8121 3066 8258 66
10587 3 9224 7469 9354 7700 50
10588 1 6399 7850 6520 8025 64
10589 3 7864 8946 8072 9121 94
10590 1 4587 8110 4727 8338 196
10591 1 7757 6321 7938 6482 4
10592 1 3777 6075 3976 6263 30
10593 3 581 6972 804 7203 106
10594 2 9644 5192 9844 5324 181
10595 3 8640 7225 8781 7439 98
10596 2 907 1129 1055 1254 146
10597 3 1782 3746 1909 3963 152
10598 2 7954 4535 8113 4756 61
10599 3 4005 6174 4171 6338 16
10600 2 4409 2955 4631 3155 88
10601 2 7288 5486 7433 5627 48
10602 2 4840 6579 5077 6703 102
10603 2 9260 8998 9485 9221 76
10604 2 8285 4190 8455 4353 90
10605 1 4648 5755 4879 5877 199
10606 1 2108 5506 2249 5698 178
10607 2 1456 4238 1595 4412 64
10608 2 8333 8345 8551 8579 31
10609 3 3869 9047 4052 9229 67
10610 2 5046 3023 5261 3153 175
10611 3 1967 9620 2141 9751 3
10612 1 5756 713 5940 915 110
10613 3 7423 4328 7637 4559 114
10614 1 2394 3933 2521 4097 143
10615 3 5775 7144 6001 7315 113
10616 3 1010 6634 1239 6850 48
10617 1 7192 5067 7405 5254 90
10618 2 7170 5784 7356 6003 109
10619 2 8866 349 9063 554 39
10620 2 8447 1460 8597 1689 123
10621 2 5195 9444 5318 9657 30
10622 3 6613 3457 6843 3668 105
10623 2 2957 4089 3152 4321 157
10624 1 2906 132 3054 257 78
10625 1 6335 2459 6486 2587 34
10626 2 3264 5807 3451 5994 184
10627 3 2836 7628 3055 7809 9
10628 3 7672 51 7894 290 127
10629 1 2015 8589 2254 8713 58
10630 3 1942 2607 2176 2770 55
10631 1 3123 4736 3298 4937 100
10632 2 1933 9713 2071 9875 73
10633 2 4817 4779 4955 4949 75
10634 1 882 1943 1058 2119 15
10635 3 1042 5678 1255 5816 5
10636 1 7967 7758 8102 7910 198
10637 3 2485 9274 2629 9479 131
10638 2 9391 475 9605 682 113
10639 1 7884 3161 8030 3296 11
10640 1 3433 6800 3565 7031 178
10641 1 1398 6552 1540 6684 186
10642 3 9343 6590 9471 6743 160
10643 3 6019 1947 6207 2180 67
10644 3 8192 2284 8363 2439 192
10645 2 5451 8106 5664 8239 41
10646 3 5645 6757 5860 6933 12
10647 2 2754 5384 2917 5528 107
10648 3 935 3145 1151 3269 190
10649 3 2013 1889 2238 2057 142
10650 3 4059 3784 4214 3943 24
10651 1 2446 1509 2615 1693 104
10652 1 8829 8296 9025 8427 107
10653 3 7678 7140 7827 7366 76
10654 1 2135 945 2267 1107 6
10655 1 3522 271 3710 415 16
10656 3 6635 9484 6802 9681 138
10657 2 9436 5396 9558 5562 4
10658 1 330 9227 498 9368 98
10659 3 2125 8234 2261 8360 128
10660 1 8869 3702 9097 3856 70
10661 3 808 2409 1041 2629 159
10662 2 7643 4674 7839 4872 111
10663 2 9103 1983 9277 2142 128
10664 3 8566 5349 8726 5553 107
10665 3 6224 7616 6392 7853 75
10666 3 445 8132 635 8266 141
10667 2 9316 6491 9478 6689 108
10668 1 5351 5623 5528 5761 181
10669 2 7328 3104 7513 3317 119
10670 1 7774 964 7899 1155 76
10671 3 3514 3660 3711 3813 97
10672 3 6002 8864 6156 9002 19
10673 3 3180 1663 3394 1900 139
10674 3 2052 6837 2263 6990 85
10675 3 2856 5442 3036 5588 124
10676 3 9474 2415 9629 2577 113
10677 1 7101 588 7324 789 46
10678 3 7119 282 7286 503 125
10679 2 9339 678 9467 876 23
10680 2 2720 2055 2942 2207 32
10681 2 4540 324 4750 494 24
10682 2 1588 5595 1724 5818 192
10683 1 9271 405 9448 578 87
10684 1 4203 8493 4389 8666 138
10685 3 7781 6688 7903 6835 79
10686 2 2307 8820 2483 9019 20
10687 3 8478 9355 8714 9575 77
10688 3 4494 7215 4648 7435 148
10689 3 73 5294 212 5423 148
10690 3 435 8078 670 8236 4
10691 3 3502 8456 3654 8593 150
10692 2 6310 7591 6482 7766 191
10693 3 8877 9469 9097 9645 110
10694 2 157 7263 277 7438 198
10695 1 5000 4072 5200 4200 76
10696 2 5974 8303 6162 8541 123
10697 1 7979 454 8109 651 75
10698 2 6710 9555 6879 9684 135
10699 2 4048 59 4225 263 33
10700 2 9502 6251 9682 6372 181
10701 2 5603 2819 5740 3045 101
10702 3 6825 4240 7022 4453 157
10703 2 2778 5663 2949 5871 71
10704 2 4828 655 4991 791 157
10705 3 1566 11 1732 164 100
10706 3 8035 8766 8183 8971 91
10707 3 9624 1195 9745 1378 142
10708 2 6061 5630 6238 5844 1
10709 3 3397 5547 3612 5685 36
10710 3 8910 5322 9136 5455 116
10711 3 5801 4159 5988 4335 178
10712 3 2097 8023 2261 8155 53
10713 1 2010 1400 2166 1550 32
10714 3 7841 1669 8045 1889 79
10715 3 3855 8410 4080 8541 100
10716 2 5401 1328 5599 1448 122
10717 1 3650 9092 3867 9216 111
10718 2 703 831 942 1067 85
10719 2 1179 2616 1413 2763 54
10720 3 1461 6892 1600 7015 171
10721 2 4102 1021 4331 1229 31
10722 2 719 1610 927 1735 195
10723 2 4433 8112 4640 8331 179
10724 3 1851 1942 2022 2120 163
10725 1 7163 869 7368 1095 34
10726 2 1994 8380 2146 8613 164
10727 1 7817 6801 8045 6966 18
10728 1 2310 8245 2471 8439 57
10729 3 530 4975 709 5203 51
10730 2 3687 4004 3908 4150 103
10731 3 6719 6201 6900 6403 154
10732 1 1183 4888 1335 5100 161
10733 1 7577 1142 7792 1374 7
10734 1 2370 6450 2494 6589 76
10735 2 1710 9407 1865 9596 151
10736 2 4982 5939 5102 6138 29
10737 3 3622 4239 3750 4372 62
10738 2 7966 4468 8089 4641 119
10739 3 9314 8900 9539 9052 105
10740 2 9178 8147 9395 8377 135
10741 2 2753 1247 2986 1412 29
10742 3 158 6982 347 7162 115
10743 2 3725 757 3852 877 4
10744 2 4695 484 4897 658 181
10745 3 6138 539 6354 710 162
10746 1 979 3219 1190 3355 3
10747 3 1021 3932 1155 4137 187
10748 3 4867 2663 5079 2872 98
10749 1 639 745 830 984 169
10750 1 5384 1702 5604 1926 58
10751 1 3727 6476 3924 6681 159
10752 2 7858 3632 8018 3805 75
10753 2 2149 2570 2285 2772 84
10754 1 4001 5453 4208 5622 73
10755 3 4565 81 4780 299 82
10756 1 6959 5789 7194 5985 16
10757 2 4731 3216 4962 3337 189
10758 1 7399 612 7583 784 72
10759 1 595 143 821 353 3
10760 2 6909 1453 7057 1645 98
10761 3 650 9020 886 9150 50
10762 3 6468 1359 6633 1563 113
10763 1 4004 823 4129 1032 6
10764 1 3757 5740 3935 5897 82
10765 3 7386 447 7623 626 27
10766 1 6025 9033 6240 9162 195
10767 2 6293 9446 6464 9566 26
10768 2 4752 9560 4938 9743 183
10769 1 4355 8360 4574 8583 44
10770 1 2235 7250 2362 7432 107
10771 2 225 2088 418 2280 42
10772 2 9496 8987 9676 9218 147
10773 3 6722 6987 6947 7198 81
10774 3 7491 6323 7706 6529 146
10775 3 7346 6635 7515 6760 137
10776 2 4474 8450 4615 8651 195
10777 2 1545 70 1764 273 39
10778 2 5270 8892 5449 9067 50
10779 1 1270 4278 1418 4515 114
10780 1 2679 2936 2877 3142 53
10781 3 2570 1387 2766 1567 3
10782 3 3491 6528 3683 6663 41
10783 2 335 3298 529 3518 186
10784 2 3930 9328 4125 9496 178
10785 1 4822 1160 4991 1295 107
10786 1 1858 9110 2088 9261 99
10787 1 4993 4177 5136 4416 102
10788 1 5147 691 5292 812 179
10789 1 8897 7191 9068 7340 1
10790 2 5305 491 5510 616 30
10791 2 3355 4044 3568 4260 82
10792 2 2976 7314 3206 7468 64
10793 1 3543 8026 3667 8211 197
10794 2 8435 2597 8653 2796 83
10795 3 7223 3363 7370 3497 7
10796 3 4814 2116 4995 2314 1
10797 1 6679 7994 6888 8221 60
10798 1 6176 9292 6346 9520 162
10799 1 8295 3664 8467 3893 59
10800 2 3114 4335 3281 4484 6
10801 2 3930 7008 4086 7220 130
10802 1 9697 3493 9848 3694 101
10803 3 4208 5330 4431 5531 57
10804 2 4143 933 4374 1088 107
10805 3 9087 8869 9241 9015 53
10806 3 5839 7709 5973 7872 3
10807 2 9400 918 9579 1132 119
10808 1 4528 5780 4722 5912 108
10809 2 96 899 333 1043 2
10810 3 1728 4395 1962 4624 45
10811 2 206 5910 417 6074 16
10812 2 3842 2196 4034 2372 36
10813 2 1662 3589 1886 3773 23
10814 3 5626 3393 5789 3605 188
10815 2 9661 5355 9896 5554 0
10816 2 8601 880 8728 1057 161
10817 3 4694 5850 4925 6003 77
10818 1 3598 1256 3750 1426 34
10819 3 2323 767 2528 926 56
10820 1 7739 7855 7961 8049 190
10821 3 3334 1193 3471 1402 19
10822 1 1851 2852 2060 3040 30
10823 2 587 4871 714 5069 105
10824 2 3736 3263 3887 3434 187
10825 2 657 7728 881 7950 66
10826 3 2194 4759 2368 4980 130
10827 3 7168 3892 7337 4071 44
10828 1 2083 9415 2261 9562 175
10829 2 5081 412 5234 625 86
10830 1 6563 4922 6685 5079 184
10831 1 7032 2929 7261 3107 37
10832 2 7948 5354 8148 5494 16
10833 2 2772 5387 2918 5601 149
10834 1 2098 5433 2248 5628 14
10835 2 5820 2725 6001 2953 112
10836 1 335 7940 458 8092 21
10837 3 489 7816 626 8026 165
10838 1 23 8712 166 8915 19
10839 1 2781 3910 2998 4042 123
10840 3 4266 7330 4428 7534 71
10841 1 4851 3147 5032 3293 22
10842 3 1496 7376 1657 7592 144
10843 3 8785 9662 9019 9898 155
10844 3 6567 8494 6740 8723 183
10845 1 4688 7411 4896 7616 68
10846 3 6113 8438 6246 8615 186
10847 3 4190 9701 4364 9843 32
10848 1 3888 3620 4011 3811 144
10849 3 255 2865 396 3040 20
10850 1 579 5085 742 5283 160
10851 2 2002 5747 2211 5884 31
10852 1 8665 4292 8886 4523 17
10853 1 2577 3497 2705 3702 167
10854 2 6560 5511 6799 5731 175
10855 1 9615 5902 9819 6134 11
10856 2 3032 8954 3176 9091 80
10857 1 1678 1445 1814 1599 149
10858 3 7888 1923 8012 2058 119
10859 3 2790 4298 2928 4432 131
10860 1 7892 20 8121 167 169
10861 1 2181 606 2361 824 24
10862 3 1342 8427 1577 8566 14
10863 2 7763 6346 7942 6519 116
10864 3 7476 3865 7612 4031 181
10865 2 3021 8356 3213 8554 172
10866 1 2487 8166 2692 8374 20
10867 2 3131 3584 3322 3777 9
10868 2 6699 4908 6903 5121 26
10869 2 219 1751 413 1938 192
10870 3 6286 6345 6431 6516 180
10871 2 9457 2134 9631 2291 170
10872 3 3322 4356 3458 4587 139
10873 3 2086 6286 2298 6430 119
10874 3 7559 4171 7770 4303 58
10875 1 6040 2373 6226 2584 37
10876 2 3742 802 3980 993 73
10877 1 4704 6525 4923 6663 120
10878 3 2070 2031 2276 2197 148
10879 2 3350 3296 3504 3515 164
10880 3 3890 4739 4035 4927 41
10881 1 4758 7236 4907 7402 170
10882 3 332 2377 517 2497 40
10883 1 1107 8087 1325 8324 113
10884 3 846 4819 1048 4975 173
10885 3 5694 867 5827 1001 10
10886 2 2357 623 2558 799 156
10887 2 4557 2418 4703 2614 79
10888 2 5489 3393 5703 3557 152
10889 3 1188 1204 1334 1334 147
10890 3 3306 2206 3529 2434 28
10891 2 9680 7440 9889 7648 169
10892 1 2962 9146 3126 9340 97
10893 3 6829 8736 7025 8918 102
10894 1 6080 3618 6295 3837 156
10895 1 4988 7251 5140 7486 10
10896 3 7760 4938 7895 5128 182
10897 2 9129 135 9321 350 122
10898 3 4029 3702 4167 3930 178
10899 2 1911 6549 2044 6710 78
10900 3 7252 5768 7466 5987 141
10901 2 4304 2089 4460 2259 53
10902 2 7229 4099 7385 4221 176
10903 1 3969 8547 4191 8690 76
10904 2 4102 8167 4260 8377 69
10905 1 5093 8957 5225 9132 17
10906 3 7998 1251 8182 1467 175
10907 1 2732 3819 2936 3946 23
10908 3 5803 7241 5964 7386 75
10909 3 1959 9327 2085 9482 127
10910 1 3223 1878 3404 2096 121
10911 2 2614 6091 2839 6299 36
10912 3 928 5369 1093 5491 179
10913 3 5522 5807 5696 6010 86
10914 1 1394 6820 1608 6962 186
10915 2 4198 1169 4392 1330 127
10916 3 7763 6862 7945 7055 3
10917 1 3162 2528 3369 2657 142
10918 3 6724 4824 6857 4944 64
10919 2 9586 5910 9751 6141 113
10920 3 5562 7307 5766 7467 91
10921 2 8462 5126 8687 5290 62
10922 2 5013 8819 5182 9017 189
10923 3 2373 8762 2606 8956 70
10924 3 3383 6974 3549 7178 185
10925 2 2433 5739 2650 5953 28
10926 1 1595 4136 1781 4266 154
10927 1 1943 3096 2090 3220 183
10928 3 3661 5658 3822 5893 10
10929 2 8576 6905 8811 7097 187
10930 2 2732 7350 2954 7526 62
10931 1 1807 4525 1995 4761 55
10932 3 1634 4253 1824 4391 0
10933 3 5379 5992 5611 6171 172
10934 3 3405 2635 3533 2759 90
10935 2 7787 7715 7962 7862 139
10936 3 3270 2793 3480 3020 9
10937 1 6451 9016 6674 9159 157
10938 3 1620 9628 1783 9816 30
10939 2 7293 8152 7430 8365 36
10940 3 706 1217 847 1387 173
10941 2 6062 9437 6285 9668 140
10942 3 430 4435 595 4558 55
10943 2 5126 7293 5332 7452 100
10944 3 78 9001 212 9181 79
10945 2 2194 8862 2403 9038 24
10946 1 6769 9504 6916 9723 108
10947 2 7636 4111 7841 4293 101
10948 1 8224 8563 8393 8784 175
10949 1 7705 1841 7925 1962 94
10950 2 6984 3196 7114 3331 153
10951 3 1113 3890 1246 4078 160
10952 1 814 1173 1037 1355 93
10953 1 8317 1781 8488 1911 35
10954 3 6813 4438 7013 4637 107
10955 1 3660 8571 3876 8705 2
10956 3 1117 9218 1247 9344 104
10957 1 5149 4935 5330 5120 174
10958 2 5392 7772 5626 7898 181
10959 1 7495 4666 7664 4898 34
10960 3 777 9366 942 9539 196
10961 1 8170 5429 8381 5597 125
10962 2 7157 4533 7345 4757 166
10963 2 9440 9714 9587 9947 6
10964 3 4389 3571 4613 3783 96
10965 2 4699 3518 4825 3754 101
10966 3 3228 7101 3429 7252 100
10967 1 2225 928 2447 1071 57
10968 1 2497 3130 2664 3361 44
10969 1 6332 1110 6481 1341 35
10970 3 5782 8224 6010 8412 157
10971 2 3011 1597 3165 1796 79
10972 2 6192 3174 6330 3303 1
10973 2 4998 8327 5211 8475 64
10974 3 682 262 854 414 53
10975 2 7472 721 7670 893 77
10976 1 5820 4827 6049 5046 183
10977 3 4043 3443 4173 3586 181
10978 3 4744 9055 4884 9217 94
10979 2 8701 6480 8852 6630 177
10980 1 1248 2092 1459 2240 59
10981 1 5399 3682 5544 3894 14
10982 2 9540 5012 9694 5241 18
10983 1 3147 6408 3336 6585 186
10984 1 2709 6093 2900 6318 63
10985 2 7363 7643 7540 7794 74
10986 3 3475 1079 3669 1260 9
10987 2 3334 615 3573 803 49
10988 3 4452 8248 4593 8473 63
10989 1 5437 8194 5651 8381 160
10990 3 1853 528 2089 660 89
10991 2 7326 2557 7546 2762 33
10992 3 893 3616 1107 3822 145
10993 2 6114 5029 6337 5211 166
10994 2 8803 4955 9016 5173 117
10995 1 9185 7570 9424 7727 123
10996 1 6869 2806 7079 3029 123
10997 1 5037 5233 5167 5423 165
10998 1 2436 6987 2605 7163 199
10999 1 1909 4373 2138 4507 162
11000 2 8513 8681 8643 8805 39
