10085
10528
10710
10314
10440
10774
10657
10725
10546
10186
10861
10237
10187
10025
10521
10518
10727
10991
10491
10901
10400
10316
10658
10133
10953
10108
10707
10260
10805
10746
10530
10297
10785
10323
10202
10746
10449
10425
10406
10034
10256
10474
10260
10423
10419
10067
10066
10545
10650
10946
10645
10929
10612
10004
10030
10565
10525
10102
10846
10436
10287
10967
10017
10299
10031
10971
10382
10716
10135
10222
10277
10711
10189
10077
10310
10717
10480
10234
10610
10093
10529
10035
10502
10787
10958
10159
10538
10753
10608
10576
10803
10730
10724
10073
10871
10250
10422
10097
10528
10957
10953
10531
10812
10088
10195
10245
10552
10146
10316
10058
10607
10175
10973
10018
10385
10876
10635
10602
10924
10713
10502
10341
10494
10268
10477
10743
10777
10841
10545
10871
10022
10889
10933
10520
10115
10023
10361
10732
10309
10684
10736
10471
10807
10101
10413
10466
10733
10532
10365
10630
10353
10874
10260
10957
10618
10721
10864
10665
10550
10395
10403
10589
10310
10429
10550
10039
10923
10089
10900
10918
10738
10945
10045
10952
10842
10591
10426
10529
10905
10386
10966
10949
10516
10993
10093
10416
10003
10575
10624
10911
10696
10220
10546
10197
10691
10514
10558
10819
10814
10431
10088
10511
10956
10185
10942
10810
10532
10850
10440
10604
10425
10154
10757
10643
10369
10076
10316
10388
10165
10085
10728
10503
10030
10161
10260
10761
10437
10555
10858
10675
10896
10796
10945
10164
10897
10959
10868
10157
10254
10569
10249
10432
10467
10281
10743
10111
10131
10937
10548
10584
10164
10211
10846
10867
10937
10236
10836
10343
10555
10133
10690
10038
10708
10203
10249
10020
10075
10969
10432
10602
10917
10780
10412
10620
10140
10460
10692
10813
10951
10803
10026
10201
10755
10885
10278
10956
10726
10660
10871
10531
10705
10424
10411
10285
10023
10291
10973
10474
10160
10314
10031
10818
10235
10911
10861
10961
10601
10818
10437
10255
10413
10935
10110
10857
10466
10994
10851
10972
10154
10134
10987
10127
10520
10506
10345
10772
10782
10043
10546
10126
10770
10753
10274
10622
10241
10202
10555
10123
10465
10161
10024
10279
10442
10795
10697
10315
10807
10443
10624
10509
10904
10500
10768
10858
10078
10593
10362
10906
10318
10224
10080
10446
10754
10271
10853
10774
10541
10466
10538
10834
10514
10653
10384
10142
10964
10534
10829
10006
10866
10910
10517
10717
10258
10008
10935
10881
10460
10833
10219
10551
10872
10292
10959
10568
10341
10820
10250
10214
10367
10204
10716
10781
10260
10151
10014
10228
10132
10270
10054
10395
10945
10539
10325
10331
10347
10167
10773
10469
10881
10305
10115
10822
10029
10945
10433
10226
10449
10875
10885
10721
10719
10734
10897
10618
10571
10597
10354
10013
10603
10332
10164
10261
10390
10302
10091
10511
10768
10181
10728
10730
10600
10975
10075
10655
10032
10179
10871
10355
10418
10265
10492
10546
10045
10346
10703
10768
10772
10053
10869
10842
10285
10926
10243
10779
10736
10667
10512
10412
10279
10554
10481
10087
10973
10601
10036
10986
10643
10723
10413
10543
10285
10698
10211
10176
10369
10095
10526
10020
10123
10693
