25001 3 24126 1941 24427 2521 111
25002 2 262 3399 571 3876 420
25003 1 14914 1162 15495 1716 487
25004 3 4976 2448 5490 2820 286
25005 1 7177 18169 7504 18723 181
25006 2 13361 1517 13779 1981 116
25007 2 8599 161 9011 738 359
25008 2 13466 17492 13960 17923 50
25009 1 7491 20115 7941 20561 4
25010 3 4735 6203 5129 6648 308
25011 3 172 23409 500 23748 235
25012 1 3637 4061 4052 4467 96
25013 1 22810 17304 23183 17632 249
25014 3 12745 4301 13276 4883 306
25015 2 8338 18835 8647 19295 401
25016 1 10184 476 10696 891 373
25017 2 11167 20179 11484 20645 97
25018 3 2956 11871 3363 12461 404
25019 1 10484 19658 10824 20110 37
25020 2 7569 10847 8120 11338 420
25021 1 22164 1609 22539 2044 90
25022 3 17771 2499 18082 2910 288
25023 2 8828 8118 9256 8485 42
25024 3 6950 12090 7468 12467 413
25025 3 23129 17469 23697 17826 308
25026 1 57 2220 417 2635 63
25027 1 9569 6842 10132 7206 171
25028 3 1729 23082 2141 23385 309
25029 3 13284 2985 13831 3391 103
25030 1 10633 3754 10954 4056 270
25031 3 6143 11304 6675 11620 172
25032 3 1116 2051 1470 2546 31
25033 1 18035 19140 18629 19657 370
25034 2 12010 4268 12549 4701 288
25035 3 421 5819 914 6386 457
25036 3 11000 20191 11306 20598 481
25037 1 3822 10710 4289 11304 256
25038 1 3195 12345 3559 12852 248
25039 1 1455 7640 1788 8133 413
25040 1 23625 7423 24084 7931 480
25041 2 3107 3824 3414 4261 132
25042 2 23219 4123 23785 4522 116
25043 2 6183 4934 6617 5351 45
25044 1 14284 18113 14750 18697 263
25045 2 4562 5330 5137 5869 446
25046 3 15674 6548 16124 6968 116
25047 1 7559 4544 8063 5073 133
25048 1 11382 20982 11715 21492 283
25049 3 6425 10516 6742 11075 76
25050 3 21381 14961 21835 15509 400
25051 1 3464 23315 4039 23909 438
25052 1 21022 23075 21366 23499 338
25053 3 21245 217 21700 783 29
25054 3 22376 23634 22921 24083 252
25055 3 11885 13494 12364 14022 220
25056 2 17942 11429 18515 11837 329
25057 3 19414 20141 19969 20729 373
25058 3 13446 10726 13799 11183 224
25059 1 15043 6268 15550 6833 455
25060 2 15550 8415 15911 8990 257
25061 3 19850 22027 20283 22390 407
25062 2 10692 9813 11118 10315 263
25063 3 16111 13473 16533 13840 225
25064 1 13751 20154 14261 20643 218
25065 3 11938 15148 12313 15564 46
25066 2 24081 1984 24533 2331 270
25067 1 21248 12652 21601 13194 122
25068 2 6690 16646 7169 16959 314
25069 1 17932 15717 18239 16035 487
25070 2 12990 22815 13555 23292 101
25071 1 20433 3794 20746 4111 276
25072 2 11567 106 11873 510 111
25073 2 14814 21495 15263 21981 425
25074 2 20373 16505 20791 16898 473
25075 3 7663 2868 8130 3271 248
25076 2 20398 12452 20797 12984 5
25077 2 10830 2291 11251 2887 90
25078 3 6165 4058 6476 4382 444
25079 3 15277 7317 15832 7652 362
25080 2 17610 10538 18144 10873 118
25081 2 8310 24367 8772 24922 351
25082 2 4501 14328 4998 14841 154
25083 3 2768 3309 3283 3734 83
25084 3 7720 24316 8169 24882 67
25085 3 15990 23615 16519 24145 267
25086 3 17830 10286 18300 10744 172
25087 2 3978 11136 4574 11583 367
25088 3 14812 19809 15114 20166 350
25089 3 17721 17013 18161 17549 18
25090 2 20410 2816 20830 3147 19
25091 3 24237 21797 24634 22196 132
25092 2 3236 19262 3771 19785 449
25093 2 2751 11196 3212 11515 186
25094 1 7131 13732 7723 14225 439
25095 3 18586 19767 19041 20284 340
25096 2 22267 8180 22641 8767 395
25097 1 23668 23404 24014 23720 435
25098 1 8386 17530 8800 18023 407
25099 1 2754 11220 3113 11644 271
25100 2 8414 9039 8956 9462 197
25101 1 14395 6383 14893 6943 201
25102 1 4446 10019 5036 10575 444
25103 3 20551 21335 20906 21723 360
25104 1 22420 8013 22936 8339 430
25105 1 5423 5752 5818 6253 64
25106 3 11974 1185 12539 1722 41
25107 2 19458 8589 19781 9043 276
25108 3 8962 9755 9353 10208 31
25109 2 8543 19322 8895 19715 138
25110 3 19677 7095 20111 7646 496
25111 1 22945 15562 23294 15984 69
25112 2 8309 7809 8790 8309 143
25113 2 23156 13846 23480 14273 263
25114 1 13250 15847 13824 16270 249
25115 2 11379 10985 11876 11442 171
25116 3 11640 3288 12008 3828 59
25117 2 8841 15661 9349 16162 15
25118 1 16103 2848 16548 3419 457
25119 3 20942 2970 21284 3541 139
25120 3 21480 9530 21805 9911 115
25121 3 19057 22468 19449 23016 434
25122 3 22316 18162 22768 18722 215
25123 3 7798 17501 8243 17850 323
25124 1 325 8650 717 9191 130
25125 1 2561 6437 3131 6794 300
25126 1 5536 2490 6127 2827 76
25127 2 8874 9849 9233 10439 119
25128 1 14315 7666 14904 8195 105
25129 1 17184 4517 17674 4904 329
25130 3 4994 10230 5372 10825 220
25131 3 4317 456 4686 942 263
25132 3 15363 19000 15696 19345 485
25133 1 22090 8277 22576 8589 198
25134 3 5864 15227 6293 15746 106
25135 1 9486 11560 10048 11965 113
25136 2 16350 6035 16761 6427 116
25137 1 15366 7091 15953 7590 433
25138 3 19688 9845 20250 10394 484
25139 1 5913 9866 6371 10198 240
25140 3 23936 18527 24241 19074 410
25141 3 8214 663 8561 996 117
25142 2 12900 12931 13299 13454 455
25143 1 16179 1503 16526 1838 348
25144 1 11371 11867 11683 12169 478
25145 2 8497 8500 8849 8997 483
25146 3 12244 19345 12727 19799 172
25147 2 15269 3706 15583 4204 179
25148 2 11288 23046 11838 23511 38
25149 3 23847 15715 24176 16219 452
25150 2 2815 10075 3275 10489 457
25151 2 20354 4553 20655 5093 57
25152 3 5462 12748 5823 13117 349
25153 2 19577 7020 19957 7474 134
25154 3 24064 22298 24616 22842 84
25155 2 5432 17357 6003 17762 90
25156 3 12160 10368 12669 10891 470
25157 3 17004 24232 17459 24658 281
25158 2 13943 22871 14316 23211 258
25159 3 22361 17950 22768 18331 250
25160 3 1355 44 1767 440 304
25161 3 5737 4459 6213 4811 171
25162 3 22655 14850 23240 15203 241
25163 1 260 18991 697 19479 471
25164 2 4486 17441 4964 17872 117
25165 2 19314 15247 19619 15717 4
25166 3 12844 10874 13307 11424 398
25167 1 22797 22104 23181 22497 222
25168 1 12760 3109 13081 3650 289
25169 1 9575 16836 9875 17378 173
25170 1 371 388 867 693 413
25171 1 16452 7448 16954 7845 225
25172 3 2195 20999 2534 21534 186
25173 3 17307 23663 17662 24013 374
25174 1 16752 5743 17285 6334 118
25175 2 22614 13462 23041 13941 480
25176 3 2843 16267 3342 16856 485
25177 3 8547 17773 9004 18136 187
25178 2 10969 10024 11302 10433 305
25179 3 21093 23305 21599 23801 411
25180 2 465 8319 1029 8910 308
25181 2 19979 23155 20308 23458 460
25182 3 4588 13604 5016 13933 363
25183 1 9530 5070 9891 5541 152
25184 2 19167 22954 19749 23304 317
25185 3 1819 2130 2350 2463 29
25186 1 20313 22608 20663 23039 49
25187 1 22784 19501 23275 19903 102
25188 3 15352 8202 15847 8577 422
25189 1 21343 17648 21678 18194 233
25190 2 2302 21606 2710 22101 4
25191 3 7658 7400 8076 7771 457
25192 1 13129 16345 13535 16926 8
25193 3 12168 23780 12605 24359 452
25194 2 1010 24254 1360 24580 206
25195 1 21294 6107 21877 6607 336
25196 2 9237 14994 9589 15362 336
25197 2 2369 19118 2730 19631 275
25198 1 10880 23944 11204 24426 313
25199 3 23544 8644 24117 9058 465
25200 3 21251 13806 21676 14300 38
25201 1 20486 2024 20985 2444 196
25202 2 5704 4899 6235 5350 36
25203 2 8716 2481 9195 3029 420
25204 3 9007 10021 9433 10423 207
25205 2 21878 3169 22246 3719 69
25206 3 4383 8056 4904 8453 294
25207 3 3343 5718 3753 6020 155
25208 2 3156 16814 3527 17317 113
25209 2 1079 16928 1477 17266 198
25210 1 8797 2157 9310 2720 291
25211 2 5869 1496 6456 2017 228
25212 1 10702 16779 11051 17225 240
25213 1 5512 23761 6071 24137 470
25214 1 2306 20025 2721 20440 383
25215 2 16188 3546 16750 4103 238
25216 1 13508 7581 14036 7944 310
25217 1 16709 23528 17218 24085 52
25218 1 3496 12551 4003 13061 166
25219 3 14005 6416 14523 6933 207
25220 2 6883 12369 7337 12724 7
25221 2 14266 760 14619 1081 361
25222 3 9800 3714 10191 4249 412
25223 3 16612 23765 17186 24214 176
25224 1 3641 10977 4083 11531 154
25225 3 1375 1974 1772 2434 108
25226 2 20784 22400 21236 22767 245
25227 1 1038 7094 1426 7503 448
25228 2 23414 13418 23969 13890 91
25229 3 4520 19115 4937 19540 371
25230 1 22510 14946 23004 15350 247
25231 3 4711 11871 5224 12381 76
25232 1 6865 16968 7242 17406 216
25233 1 20413 21960 20932 22503 221
25234 3 19316 5199 19841 5641 38
25235 2 14328 5670 14631 6127 206
25236 1 17656 794 18031 1188 4
25237 3 5065 22332 5498 22908 306
25238 3 3259 19565 3653 20102 349
25239 3 13372 8571 13841 9134 200
25240 3 2381 15701 2728 16229 60
25241 3 23331 17550 23914 17955 23
25242 1 14015 182 14438 687 50
25243 2 14032 19454 14583 19760 21
25244 1 7670 20506 8234 20832 268
25245 3 19667 4548 20206 4920 101
25246 1 21823 7832 22295 8371 142
25247 1 5176 22762 5654 23185 206
25248 3 19062 356 19432 925 280
25249 3 13296 7052 13657 7365 447
25250 2 22020 9477 22449 9795 416
25251 2 24315 3038 24876 3553 398
25252 2 22402 18464 22852 18935 76
25253 1 18029 10990 18596 11312 271
25254 2 13353 4963 13753 5415 324
25255 1 19350 2415 19663 2962 257
25256 2 4667 23951 4973 24336 313
25257 1 7869 23323 8324 23644 431
25258 1 2388 5993 2732 6501 438
25259 3 3702 10338 4265 10723 377
25260 2 19139 14425 19727 14934 477
25261 2 15054 23365 15490 23718 40
25262 2 23910 892 24308 1230 218
25263 3 17239 23039 17625 23434 239
25264 3 17635 3039 18180 3585 294
25265 2 18664 844 19243 1188 128
25266 2 16912 20379 17452 20945 209
25267 1 4322 2439 4757 2909 304
25268 3 14589 10897 15008 11451 238
25269 2 21746 21197 22060 21720 318
25270 2 9209 15002 9669 15484 313
25271 1 5659 9162 6129 9612 157
25272 3 4037 16493 4370 16864 86
25273 3 14761 11589 15155 11958 354
25274 2 10681 5115 11041 5476 257
25275 2 9566 5739 10081 6044 308
25276 2 20401 13882 20881 14463 34
25277 1 16021 4580 16395 5148 463
25278 2 5822 16510 6246 16864 58
25279 3 5342 16187 5814 16648 379
25280 1 19585 1277 20050 1810 28
25281 2 12468 407 12926 992 139
25282 3 13122 1002 13697 1563 145
25283 3 2358 20847 2914 21411 355
25284 3 23999 23816 24362 24327 285
25285 1 15812 23595 16281 24182 372
25286 1 14349 18977 14829 19326 140
25287 3 23242 5833 23570 6184 284
25288 3 964 15339 1475 15680 327
25289 2 6079 20188 6580 20649 481
25290 2 17063 11605 17509 12188 239
25291 3 8757 21073 9248 21587 204
25292 1 12753 2552 13215 3136 34
25293 2 22855 17832 23287 18248 68
25294 1 21082 13419 21426 13785 456
25295 2 15602 22502 16157 22951 332
25296 3 9094 20143 9528 20597 336
25297 1 17520 12892 18025 13443 398
25298 2 17915 22054 18503 22511 377
25299 2 16854 17087 17177 17641 462
25300 2 4584 12178 5010 12728 375
25301 3 8891 553 9218 989 354
25302 2 14977 9520 15337 10003 222
25303 1 16998 15799 17354 16170 107
25304 3 12821 22576 13335 22956 78
25305 2 21482 1716 21881 2245 337
25306 2 1580 19072 2039 19485 251
25307 2 16562 19022 16938 19344 361
25308 2 20388 18851 20959 19218 468
25309 3 16683 6969 17168 7537 438
25310 1 13336 16118 13794 16483 268
25311 1 18176 22451 18605 22863 434
25312 1 17250 9388 17632 9850 22
25313 3 11115 10675 11468 11216 114
25314 3 10423 13543 10825 13909 310
25315 3 19645 16434 19971 17016 74
25316 2 73 20757 485 21237 73
25317 1 6617 6053 6993 6500 467
25318 1 15447 5618 16045 6103 66
25319 1 6951 8698 7510 9245 273
25320 1 17556 6821 17977 7368 226
25321 2 20982 22660 21570 23179 242
25322 3 7809 11414 8273 11988 106
25323 1 23379 18372 23849 18953 154
25324 3 9035 23470 9623 23984 451
25325 3 22690 13050 23069 13363 256
25326 2 6933 20755 7312 21276 404
25327 2 22062 24025 22503 24566 370
25328 2 11447 14460 11876 15033 322
25329 1 7235 16506 7746 16892 470
25330 3 4125 15688 4517 16218 390
25331 3 16047 10398 16643 10814 209
25332 2 16226 15233 16638 15543 183
25333 3 12413 6758 12771 7079 419
25334 3 3644 6205 4116 6784 399
25335 1 748 9035 1111 9524 253
25336 2 18306 17011 18629 17467 434
25337 3 24159 20917 24695 21371 211
25338 3 21547 23685 22032 24090 331
25339 3 18057 18683 18635 19058 371
25340 1 17932 18426 18480 18955 229
25341 2 6304 10800 6839 11290 398
25342 1 16359 19161 16921 19496 179
25343 3 16720 22090 17051 22399 323
25344 3 6375 7011 6859 7517 461
25345 1 11589 13488 12186 13925 163
25346 3 17601 16169 18125 16711 255
25347 2 5807 19486 6193 20010 361
25348 1 16919 17948 17486 18460 129
25349 1 18035 6310 18463 6695 286
25350 1 19151 21961 19479 22428 122
25351 1 22238 21669 22717 22264 335
25352 3 23990 24253 24330 24807 430
25353 1 2407 3092 2957 3639 498
25354 3 2850 11616 3377 12078 417
25355 2 6335 4985 6702 5321 314
25356 2 7102 19654 7562 20210 32
25357 2 10104 1075 10513 1539 300
25358 2 8708 12699 9258 13229 126
25359 1 9840 227 10367 740 338
25360 3 542 9858 1112 10216 162
25361 2 7890 24134 8210 24464 16
25362 3 11300 9442 11828 10027 202
25363 3 17080 15136 17662 15655 364
25364 2 3029 20111 3515 20468 351
25365 1 13497 24189 13882 24737 250
25366 3 15827 14642 16239 15147 115
25367 3 2407 20412 2995 20822 17
25368 2 8849 15280 9289 15658 129
25369 3 819 8682 1273 9150 2
25370 2 19755 20842 20237 21266 483
25371 1 2907 23298 3236 23823 178
25372 3 3024 12149 3395 12502 361
25373 2 7125 11902 7430 12333 18
25374 1 23745 17159 24201 17600 497
25375 3 24386 10396 24794 10723 426
25376 3 11378 18977 11838 19387 116
25377 1 7967 10724 8426 11278 288
25378 3 21873 12314 22457 12775 219
25379 2 19448 9107 19790 9600 350
25380 1 3307 960 3731 1344 47
25381 3 4577 9806 4878 10282 161
25382 2 21788 1428 22330 1787 356
25383 1 13764 20638 14129 21171 471
25384 1 22536 11370 23037 11948 480
25385 2 3233 8371 3581 8915 304
25386 1 18716 2057 19311 2455 397
25387 3 18040 19105 18469 19422 213
25388 3 136 17719 507 18239 294
25389 3 2761 19668 3268 19984 178
25390 1 23496 1684 23870 2234 112
25391 2 6574 13082 6986 13387 378
25392 2 18644 13932 19186 14371 85
25393 2 4219 778 4523 1106 92
25394 1 21630 7729 22018 8117 106
25395 2 47 5172 448 5574 94
25396 3 18714 18281 19159 18678 395
25397 2 11802 16710 12317 17220 38
25398 1 14556 8202 14993 8635 331
25399 3 17938 20080 18282 20439 82
25400 2 827 11909 1184 12332 382
25401 1 17998 10221 18574 10682 98
25402 2 22515 24247 23007 24704 88
25403 2 16665 8051 17111 8452 378
25404 1 14757 15172 15133 15491 323
25405 1 20072 16856 20522 17317 494
25406 3 11197 23601 11625 24107 291
25407 1 15888 19819 16411 20178 252
25408 3 22613 22830 22968 23304 397
25409 2 4129 11577 4559 12173 287
25410 1 10868 17736 11359 18067 414
25411 2 21568 4341 22145 4779 70
25412 3 10902 1379 11342 1850 132
25413 1 6085 8193 6535 8682 43
25414 2 4610 8222 5154 8537 25
25415 1 20674 7352 21225 7867 480
25416 2 16959 19860 17540 20239 13
25417 1 19048 21384 19612 21781 272
25418 3 10017 9752 10458 10173 56
25419 3 24036 13542 24506 13854 403
25420 3 18759 10581 19190 11031 496
25421 3 3446 16900 3927 17333 251
25422 3 9416 15914 9760 16249 385
25423 3 19315 15609 19716 16094 392
25424 2 13913 205 14415 548 30
25425 2 4086 20459 4637 20857 106
25426 3 8400 6112 8904 6468 378
25427 1 4590 18064 5011 18488 26
25428 1 22198 18652 22675 19203 290
25429 1 13350 21085 13893 21617 392
25430 3 6244 9222 6815 9729 1
25431 1 8450 24177 9014 24620 110
25432 1 14451 17126 14868 17429 307
25433 3 15907 23007 16280 23459 240
25434 2 12725 15733 13298 16074 349
25435 3 19957 15917 20437 16447 294
25436 1 1312 13304 1844 13730 314
25437 1 3684 3727 4273 4230 171
25438 3 17014 4785 17538 5133 265
25439 1 19501 20623 20005 21147 142
25440 2 23066 5176 23580 5649 207
25441 3 2476 14040 2811 14600 50
25442 3 122 1770 603 2320 289
25443 2 13312 695 13887 1077 357
25444 3 6001 22715 6562 23189 201
25445 3 2177 22825 2683 23311 488
25446 1 17166 15886 17661 16189 247
25447 1 9689 20196 10183 20587 207
25448 1 15660 3128 16244 3537 265
25449 1 1441 13037 1935 13619 415
25450 1 22319 6406 22702 6858 451
25451 3 16460 19979 16914 20417 302
25452 2 13341 18009 13902 18532 276
25453 1 18464 7191 18975 7508 305
25454 3 19433 19184 20022 19712 28
25455 2 3656 14570 3974 15094 330
25456 2 9485 5280 10030 5653 376
25457 1 14224 19090 14605 19529 288
25458 2 20127 1528 20454 2041 290
25459 1 17877 6121 18264 6658 71
25460 1 8052 8549 8498 8916 210
25461 1 8145 11139 8646 11482 18
25462 1 18475 22363 19000 22714 184
25463 1 7875 12106 8281 12414 466
25464 2 2540 15951 2863 16404 217
25465 1 19991 19804 20495 20117 66
25466 3 13069 122 13436 485 302
25467 2 10509 5614 10973 5918 342
25468 2 21712 16759 22246 17073 247
25469 1 7158 8988 7537 9379 44
25470 3 11342 3075 11704 3448 384
25471 2 9387 14922 9770 15364 147
25472 3 21236 3458 21735 3989 413
25473 3 1847 16062 2161 16621 248
25474 1 2571 6257 2969 6674 7
25475 3 13217 18510 13812 19086 155
25476 2 1748 23577 2292 24117 242
25477 2 15587 6014 16144 6457 343
25478 3 3664 17912 4062 18411 376
25479 2 11167 20711 11701 21116 392
25480 3 5427 24320 6004 24854 409
25481 3 16061 1793 16409 2221 144
25482 2 5963 14203 6523 14760 105
25483 2 2352 11330 2861 11710 313
25484 2 17007 7807 17470 8225 435
25485 3 1587 22390 2063 22771 345
25486 2 9991 14171 10333 14755 162
25487 3 22675 9285 23187 9821 304
25488 2 18104 546 18531 1045 311
25489 2 10176 19385 10726 19883 79
25490 3 13141 7619 13611 8044 373
25491 1 24093 11623 24456 12112 291
25492 1 7548 20839 8025 21385 232
25493 2 18239 22492 18539 22869 441
25494 3 19769 16574 20280 17169 131
25495 2 22151 14026 22514 14477 282
25496 1 15683 11913 16100 12405 70
25497 3 17803 445 18192 891 421
25498 1 4476 12952 4816 13467 243
25499 3 1932 67 2370 594 230
25500 3 8159 1309 8518 1827 167
25501 1 6047 17671 6547 18164 356
25502 2 8194 19548 8594 19968 345
25503 3 11710 20727 12252 21270 248
25504 2 7247 14301 7706 14885 471
25505 2 23745 23544 24216 23893 420
25506 3 14243 14465 14620 14973 70
25507 3 5734 15973 6239 16337 94
25508 1 13040 11073 13422 11380 85
25509 2 17309 3399 17808 3752 220
25510 2 19996 21983 20343 22581 116
25511 1 10368 5582 10904 5948 71
25512 2 21623 1594 21992 2137 24
25513 1 10435 12700 10948 13203 436
25514 2 15063 17862 15570 18187 229
25515 1 21000 22645 21300 23177 397
25516 1 669 4932 1133 5361 397
25517 1 16535 23698 16957 24132 359
25518 3 3452 20850 3809 21164 65
25519 2 19252 22190 19781 22565 35
25520 2 4009 13494 4355 13995 476
25521 3 8254 14573 8573 15124 327
25522 3 22958 8358 23325 8737 266
25523 1 7633 3252 8211 3840 463
25524 2 1504 5421 1873 5879 174
25525 2 13125 3258 13562 3731 6
25526 2 10667 12285 11158 12795 192
25527 3 1637 3237 2035 3549 37
25528 1 18204 15355 18745 15907 186
25529 1 14904 12885 15314 13339 15
25530 1 22932 13979 23443 14387 156
25531 2 10758 19183 11225 19584 388
25532 1 18181 10181 18601 10722 438
25533 3 5114 22741 5489 23161 30
25534 2 17214 21081 17589 21659 465
25535 1 17681 9599 18231 9903 121
25536 2 10780 8340 11299 8935 426
25537 2 13010 3729 13554 4165 20
25538 1 2330 11902 2801 12314 256
25539 2 18287 3263 18660 3708 188
25540 1 2686 22206 3163 22738 87
25541 2 6586 14666 7036 15015 132
25542 3 17707 24297 18041 24607 315
25543 3 14466 1209 14860 1666 482
25544 3 20162 16676 20486 17041 255
25545 1 7701 16264 8209 16666 310
25546 2 9783 14487 10222 14874 139
25547 3 12708 16738 13110 17283 114
25548 3 24184 17216 24774 17744 325
25549 2 16421 662 16974 1027 432
25550 2 23175 11326 23678 11666 212
25551 1 20553 19428 20861 19743 332
25552 2 264 18496 780 18880 237
25553 1 18788 12843 19303 13338 350
25554 3 11153 24222 11589 24801 149
25555 3 14818 13232 15357 13707 144
25556 3 10959 16202 11299 16705 345
25557 3 8381 10022 8706 10591 440
25558 1 6332 16466 6923 16960 31
25559 2 9341 21289 9729 21695 378
25560 2 11533 24202 12011 24668 248
25561 1 14597 1488 14921 1979 262
25562 1 23869 5754 24249 6141 62
25563 1 22357 5461 22752 5942 431
25564 2 19049 5818 19415 6378 16
25565 3 17150 19120 17600 19519 83
25566 1 10318 22969 10850 23410 176
25567 3 17430 15457 17842 15799 286
25568 2 12937 4327 13373 4712 433
25569 2 4180 12643 4563 13152 352
25570 1 23497 7397 23952 7909 107
25571 2 6697 11316 7166 11909 8
25572 1 16406 13333 16787 13910 269
25573 2 6520 20025 6947 20548 420
25574 1 17870 20066 18406 20621 220
25575 1 2796 7417 3193 7955 223
25576 3 1699 19246 2041 19777 161
25577 3 9413 7236 9804 7760 397
25578 2 13994 24387 14425 24935 110
25579 1 11526 19884 12025 20449 281
25580 2 8424 3763 8807 4267 242
25581 2 22844 20189 23158 20768 14
25582 2 11014 24381 11434 24761 291
25583 3 701 11989 1182 12572 65
25584 1 6243 21749 6745 22346 409
25585 2 19343 9455 19848 9849 379
25586 3 13541 5977 14126 6463 86
25587 1 17840 2141 18152 2709 372
25588 3 21969 1884 22514 2399 49
25589 2 22481 7287 22892 7755 71
25590 3 16464 23491 16784 23825 173
25591 2 24128 15602 24636 15985 216
25592 2 5127 8923 5626 9485 474
25593 3 15220 8437 15811 8902 331
25594 3 4091 21050 4664 21421 272
25595 1 19963 23108 20317 23572 377
25596 3 20016 16215 20583 16594 69
25597 2 706 119 1288 441 492
25598 1 2244 10265 2641 10711 229
25599 1 17525 17365 18086 17747 499
25600 2 12429 14449 13009 14899 9
25601 2 2659 21854 3006 22261 435
25602 2 12381 611 12749 953 324
25603 2 23938 14270 24362 14718 59
25604 1 16890 7389 17351 7961 282
25605 3 22980 10981 23540 11499 127
25606 1 3863 18229 4297 18781 440
25607 1 522 3990 966 4443 496
25608 2 22749 18595 23209 19096 61
25609 3 6079 487 6461 934 436
25610 3 23272 11537 23750 12020 84
25611 3 18411 8281 18784 8629 218
25612 2 6840 14855 7217 15187 199
25613 2 16962 3534 17516 3941 422
25614 1 21390 6598 21983 7070 257
25615 2 4389 4201 4802 4694 466
25616 1 12322 17662 12825 18140 391
25617 1 18828 20447 19347 20941 437
25618 2 8565 19946 8975 20370 61
25619 3 7987 21777 8364 22361 334
25620 3 9865 13902 10312 14401 342
25621 2 2373 14209 2971 14716 343
25622 2 8424 2078 8760 2620 318
25623 2 20123 14481 20593 15064 7
25624 1 14075 2761 14668 3291 394
25625 2 18618 9015 19044 9495 94
25626 1 14072 22151 14527 22702 255
25627 2 9532 13683 10067 14064 438
25628 1 18486 20471 18860 20794 285
25629 3 6898 4280 7322 4750 269
25630 1 7115 7196 7468 7769 374
25631 3 21997 20169 22464 20627 29
25632 2 21388 6676 21774 7092 118
25633 2 6211 13071 6531 13439 143
25634 1 16163 17728 16527 18160 445
25635 2 1183 5715 1490 6228 232
25636 3 12065 18046 12430 18370 255
25637 2 10032 15546 10443 15880 428
25638 3 12180 2423 12606 2821 67
25639 1 15067 15097 15526 15560 324
25640 1 15794 3372 16287 3804 311
25641 2 1676 4630 2020 5064 418
25642 2 5596 8170 6059 8755 426
25643 1 22772 12256 23126 12712 110
25644 2 21050 14854 21550 15412 216
25645 2 23733 1751 24179 2167 337
25646 2 9541 14511 9938 14811 311
25647 3 9657 23700 10018 24061 103
25648 3 20776 14334 21227 14795 328
25649 2 903 7266 1424 7626 279
25650 2 5600 9590 6198 10152 28
25651 3 16826 1703 17154 2243 326
25652 2 1023 321 1335 821 105
25653 2 23334 14545 23896 15064 275
25654 1 4728 8200 5085 8649 429
25655 3 5543 20560 6011 20970 36
25656 3 13557 17381 13965 17833 444
25657 3 14406 14008 14714 14601 196
25658 3 22104 16775 22436 17112 259
25659 2 19508 20407 19831 20774 222
25660 2 18568 19752 18971 20057 40
25661 1 16785 637 17163 983 28
25662 1 11611 4843 11989 5409 336
25663 2 16940 8635 17382 9174 311
25664 2 3078 19627 3382 20118 112
25665 1 23059 12330 23611 12658 336
25666 2 17773 9516 18123 10012 136
25667 2 14268 6714 14802 7038 102
25668 2 20063 12796 20611 13154 333
25669 3 21540 7889 21947 8416 497
25670 1 508 7270 912 7634 396
25671 3 14740 9323 15313 9653 29
25672 3 12663 22712 13258 23258 26
25673 2 6771 3852 7309 4192 326
25674 3 9544 12562 9938 13087 438
25675 1 17245 21509 17657 21859 425
25676 2 14180 2987 14574 3461 422
25677 1 20867 2472 21316 2901 394
25678 2 12692 2281 13136 2767 214
25679 2 8062 5756 8616 6066 460
25680 2 11454 16170 11853 16552 43
25681 1 21778 18015 22173 18326 139
25682 2 16646 13307 17153 13805 378
25683 1 20345 2941 20878 3424 162
25684 2 17170 7376 17768 7918 396
25685 1 12497 19528 12816 20050 134
25686 2 10946 17451 11429 18010 33
25687 3 4185 429 4631 762 489
25688 1 4008 6774 4569 7339 279
25689 2 17785 17713 18134 18224 51
25690 3 23080 9225 23531 9780 436
25691 1 15976 20086 16411 20491 219
25692 1 22636 17837 22987 18142 80
25693 2 2451 15467 2776 15856 74
25694 3 5955 19855 6384 20428 492
25695 3 18063 6584 18553 7179 433
25696 2 22376 9034 22882 9533 205
25697 2 2605 7818 2923 8238 304
25698 1 16049 3251 16585 3752 488
25699 1 17604 15073 18033 15538 32
25700 1 5571 22917 6097 23379 495
25701 3 1007 12804 1458 13364 357
25702 3 16668 5335 17103 5845 133
25703 2 5534 18336 5963 18657 363
25704 2 15799 7389 16238 7909 124
25705 2 21380 4309 21762 4660 128
25706 1 14387 7392 14884 7886 274
25707 1 21785 20295 22363 20814 58
25708 3 18626 16786 19078 17101 261
25709 3 2111 9008 2504 9527 296
25710 2 19459 10474 19857 10789 311
25711 1 516 24355 1009 24867 232
25712 2 2219 18724 2744 19311 367
25713 1 12246 4423 12797 4779 281
25714 2 5586 3922 5935 4513 303
25715 3 16430 9526 16757 9839 437
25716 2 16681 20784 17138 21144 278
25717 3 21101 2020 21698 2406 392
25718 1 4346 10162 4929 10707 91
25719 2 6758 10575 7194 10913 272
25720 3 8881 228 9330 631 424
25721 3 19772 24189 20081 24761 397
25722 2 959 10714 1330 11146 276
25723 3 11922 19218 12291 19519 301
25724 1 6054 4686 6425 5270 174
25725 1 4010 23925 4367 24431 208
25726 1 78 21354 533 21831 18
25727 2 14123 11454 14499 11857 490
25728 1 21334 6992 21699 7334 412
25729 2 20607 10685 21016 11231 307
25730 2 14673 1173 15119 1747 399
25731 3 12233 14200 12684 14795 367
25732 1 1533 7185 1834 7776 144
25733 2 21662 17082 22173 17593 475
25734 3 8941 24368 9474 24743 82
25735 3 22797 9310 23243 9832 54
25736 2 22429 21761 23006 22170 401
25737 1 12889 14903 13281 15473 442
25738 1 5088 23698 5591 24070 460
25739 3 9057 6454 9408 7016 2
25740 1 1560 11875 1928 12376 420
25741 1 8670 7611 9269 8087 43
25742 3 17412 16406 17859 16808 90
25743 3 2424 22801 2919 23136 7
25744 3 3270 16149 3704 16547 221
25745 2 7540 6404 8083 6859 474
25746 3 19262 9755 19756 10241 160
25747 2 7636 21975 8015 22288 78
25748 3 16700 23434 17062 23930 115
25749 2 24059 8492 24576 8797 40
25750 3 16776 22733 17220 23271 267
25751 1 7615 14035 8150 14470 248
25752 1 12500 22257 13000 22774 62
25753 1 15539 6504 16029 6950 227
25754 3 20591 2151 20963 2609 485
25755 2 4739 10793 5096 11331 145
25756 1 23160 23514 23634 23970 203
25757 2 14816 12113 15351 12451 57
25758 3 24068 3156 24440 3717 177
25759 3 96 15788 553 16110 267
25760 2 10809 17624 11383 18171 238
25761 2 5380 1669 5741 2064 136
25762 3 4868 23355 5439 23908 401
25763 3 15512 13807 15840 14396 90
25764 1 8350 2980 8707 3532 5
25765 1 6184 1612 6615 2110 216
25766 3 18303 23149 18749 23721 328
25767 3 7267 23709 7688 24264 432
25768 3 4412 753 4919 1087 435
25769 1 7097 13007 7656 13559 390
25770 2 9481 18330 9939 18650 123
25771 1 1408 1352 1945 1907 311
25772 3 19285 24264 19612 24736 233
25773 1 13069 5112 13504 5656 485
25774 3 1437 23881 2010 24435 483
25775 2 13696 1762 14208 2085 252
25776 3 7544 23547 8067 24117 91
25777 3 23140 16474 23665 16893 11
25778 3 3444 2739 3838 3089 29
25779 3 32 15348 597 15673 29
25780 2 5513 12900 5956 13483 434
25781 2 1763 16196 2236 16643 434
25782 3 22766 4753 23120 5060 105
25783 2 3228 18963 3627 19291 372
25784 1 9521 1359 10055 1673 379
25785 2 12815 8826 13150 9240 146
25786 1 13290 16823 13705 17289 38
25787 3 17902 8850 18274 9388 150
25788 3 10131 20814 10595 21303 88
25789 2 21242 20880 21805 21373 216
25790 2 3747 14597 4258 15169 442
25791 2 18218 3219 18683 3712 317
25792 1 21096 7159 21575 7460 249
25793 2 15170 2097 15500 2424 135
25794 2 22389 9376 22980 9821 480
25795 1 97 10378 534 10778 306
25796 1 11657 3733 12138 4126 291
25797 3 6220 7963 6816 8488 44
25798 2 8648 18177 9120 18609 439
25799 3 9182 9876 9484 10330 198
25800 3 7986 8958 8299 9312 499
25801 3 12833 14240 13165 14774 65
25802 3 2977 24387 3555 24838 191
25803 2 11642 15943 12043 16277 397
25804 1 13330 16031 13890 16622 383
25805 1 23153 6535 23708 7057 367
25806 3 2673 4374 2987 4850 274
25807 3 5599 10992 6176 11372 201
25808 2 23262 7292 23712 7758 302
25809 3 5814 22943 6129 23253 412
25810 3 3735 17837 4192 18372 29
25811 3 6944 11553 7398 12070 396
25812 3 8807 15151 9352 15715 372
25813 3 6652 19456 7243 20031 268
25814 2 8500 923 8871 1414 62
25815 2 10408 6227 10826 6656 309
25816 2 14364 5796 14825 6327 246
25817 1 8352 21806 8915 22295 156
25818 2 20693 17786 21180 18236 192
25819 3 5700 10932 6277 11473 143
25820 3 19374 8104 19806 8596 486
25821 2 6205 18602 6626 19188 275
25822 1 4970 11789 5319 12388 178
25823 3 24278 23427 24626 23796 234
25824 2 16853 23285 17220 23664 465
25825 2 17425 17097 17976 17443 221
25826 1 23710 22812 24164 23292 281
25827 3 20633 307 21116 791 455
25828 3 7485 2124 7814 2639 472
25829 3 88 5995 641 6295 132
25830 2 14030 15836 14345 16159 171
25831 2 21931 9431 22476 9781 385
25832 3 16241 22971 16770 23513 313
25833 1 21999 4206 22572 4609 146
25834 3 14128 8361 14690 8726 217
25835 1 24363 1914 24843 2334 284
25836 2 4389 4976 4827 5346 130
25837 3 5940 17744 6342 18155 368
25838 2 17879 16948 18355 17449 457
25839 3 15055 20210 15614 20610 30
25840 3 21795 10323 22244 10670 463
25841 3 7032 10429 7351 10737 415
25842 1 5100 18105 5607 18603 86
25843 3 1739 19280 2148 19672 90
25844 1 1778 7115 2366 7688 484
25845 3 315 18276 624 18681 154
25846 3 22321 19846 22664 20300 361
25847 1 24129 20984 24552 21427 414
25848 1 2110 6606 2546 7166 258
25849 1 6517 18068 6843 18431 109
25850 2 22893 12419 23228 12996 220
25851 1 17341 13154 17812 13529 416
25852 3 20840 4017 21413 4349 108
25853 3 4991 18590 5379 18939 456
25854 3 10863 10003 11198 10340 262
25855 1 8294 15849 8682 16343 117
25856 2 19867 6018 20353 6375 249
25857 1 20580 22905 20983 23248 471
25858 2 21302 11990 21738 12380 164
25859 1 5740 19259 6134 19675 446
25860 2 2314 217 2669 729 334
25861 3 22864 10840 23376 11254 398
25862 2 14956 7116 15383 7624 24
25863 1 1972 9573 2522 10056 11
25864 3 1811 24198 2357 24597 486
25865 1 3621 17591 3951 18169 373
25866 1 11153 21695 11671 22109 214
25867 1 9511 394 9841 869 351
25868 3 17575 21422 17915 21769 114
25869 1 19441 7216 19845 7753 356
25870 3 19142 16795 19557 17114 486
25871 3 19901 3790 20313 4136 79
25872 3 23275 2382 23609 2826 72
25873 3 9065 2232 9659 2820 56
25874 2 4105 11444 4524 11838 407
25875 1 22176 3101 22554 3583 295
25876 3 21069 24106 21563 24625 492
25877 3 14672 990 15113 1496 412
25878 2 14437 8736 14769 9086 492
25879 2 5132 2765 5510 3240 478
25880 3 18234 2159 18714 2485 349
25881 3 3750 15066 4211 15431 85
25882 2 6153 5639 6493 6043 498
25883 3 21654 3921 22012 4302 438
25884 1 443 10194 783 10626 81
25885 2 3729 3747 4169 4279 99
25886 1 18108 22117 18615 22509 336
25887 1 12772 2190 13150 2672 55
25888 2 1732 22931 2244 23295 39
25889 3 1888 1286 2307 1611 402
25890 2 14800 13859 15346 14201 471
25891 3 7013 16743 7434 17237 416
25892 1 22860 11966 23262 12415 267
25893 3 21753 15212 22249 15643 497
25894 2 8877 6366 9326 6941 345
25895 2 1339 10247 1826 10732 183
25896 2 24305 20952 24616 21421 359
25897 3 7644 13196 8235 13535 62
25898 3 7022 755 7421 1317 417
25899 2 6318 11833 6620 12213 182
25900 1 7406 20839 7813 21214 134
25901 3 15403 3867 15878 4426 282
25902 2 20018 20991 20548 21557 414
25903 1 23780 11544 24083 12132 255
25904 1 1564 7251 1932 7844 221
25905 2 17791 17606 18154 17960 430
25906 3 17601 6141 18019 6665 268
25907 2 8196 2124 8656 2565 312
25908 2 6485 10479 6954 10957 269
25909 2 4040 17563 4470 18008 489
25910 2 3395 8689 3942 9173 220
25911 1 16521 8342 16872 8655 193
25912 3 21131 8966 21487 9435 299
25913 2 6542 23020 7140 23451 467
25914 1 9542 21509 9859 21893 404
25915 1 3664 21347 4130 21739 12
25916 3 2174 7323 2691 7768 54
25917 1 19177 15997 19623 16330 107
25918 3 20267 3580 20604 3995 251
25919 2 21557 14296 22021 14752 282
25920 2 10965 14729 11389 15273 462
25921 1 22695 14994 23038 15427 435
25922 3 19796 11750 20287 12150 106
25923 2 7912 5163 8446 5662 111
25924 1 22434 2983 22950 3349 8
25925 3 3919 3719 4457 4094 150
25926 1 6049 4468 6503 4918 244
25927 2 18348 1040 18921 1482 319
25928 1 23819 6389 24400 6862 73
25929 1 4305 16576 4670 17090 296
25930 1 8842 2637 9423 3019 45
25931 2 15130 18275 15464 18600 491
25932 2 4321 11474 4635 12015 30
25933 3 15274 803 15840 1182 245
25934 2 7404 5377 7967 5741 234
25935 3 7529 15420 7955 15818 389
25936 2 10396 996 10894 1500 378
25937 2 2353 16922 2926 17277 75
25938 3 3233 16047 3809 16645 457
25939 3 13647 3097 14003 3620 138
25940 2 1740 22065 2309 22437 36
25941 3 22777 9766 23218 10098 217
25942 1 15694 21978 16178 22338 271
25943 3 15149 23552 15541 24135 332
25944 2 5937 6152 6391 6659 132
25945 3 23115 9625 23494 10104 442
25946 3 21081 22709 21499 23288 117
25947 3 20604 11875 20908 12393 328
25948 3 12260 4482 12812 4817 224
25949 2 18776 12186 19152 12775 79
25950 1 7682 20646 8147 21132 4
25951 1 17839 17032 18392 17426 41
25952 2 20606 11979 20933 12377 381
25953 2 9087 21824 9456 22400 315
25954 1 2433 17804 2786 18271 247
25955 3 6859 1479 7354 1997 195
25956 3 22792 5948 23254 6429 355
25957 1 6136 19975 6497 20530 177
25958 1 1745 20615 2112 21017 337
25959 3 8772 7349 9229 7920 178
25960 2 20992 2961 21527 3541 344
25961 1 12680 8848 13143 9414 332
25962 1 8594 454 9120 763 177
25963 2 6723 8011 7314 8395 20
25964 1 11102 14633 11563 15049 167
25965 3 21667 16732 22152 17203 480
25966 2 2463 21937 2940 22473 303
25967 1 2034 15386 2575 15787 279
25968 2 1578 20230 2136 20618 359
25969 3 16672 2435 17054 2837 287
25970 1 33 4143 341 4740 46
25971 2 12281 21863 12765 22351 447
25972 3 23835 14369 24229 14723 25
25973 3 13269 18281 13729 18875 457
25974 3 1045 21250 1592 21562 148
25975 1 7547 3744 8028 4121 286
25976 3 17751 7740 18302 8046 392
25977 3 3629 15842 4036 16200 355
25978 3 21065 22957 21369 23377 292
25979 2 5365 22834 5769 23336 337
25980 3 20882 16409 21474 16917 354
25981 3 14414 1412 14903 1902 305
25982 2 2824 23157 3216 23604 199
25983 1 12693 10828 13206 11154 452
25984 3 23568 15762 23911 16190 353
25985 2 21903 8587 22271 9149 401
25986 3 21873 12283 22266 12620 254
25987 3 9135 11440 9595 11993 400
25988 1 21920 20072 22418 20655 297
25989 3 1698 2127 2258 2595 482
25990 1 22065 20224 22375 20798 304
25991 1 13995 14992 14454 15493 20
25992 3 19526 5409 20038 5814 416
25993 3 23853 21686 24319 22037 420
25994 3 3091 8056 3478 8506 223
25995 1 7685 3795 8022 4380 227
25996 1 13533 22676 14085 23015 452
25997 3 17324 4700 17907 5023 332
25998 3 22482 17763 22825 18345 305
25999 3 2135 22334 2659 22844 471
26000 1 5108 15887 5440 16245 138
26001 1 19776 12146 20099 12484 376
26002 2 21642 20587 22078 21033 281
26003 3 16511 20786 17025 21249 279
26004 2 21007 2546 21454 2953 355
26005 1 16647 4249 17226 4722 247
26006 1 21281 1488 21800 1868 160
26007 3 22757 16427 23226 17021 328
26008 3 11610 19902 12148 20395 390
26009 1 21482 3218 22070 3546 223
26010 2 21019 18141 21555 18468 289
26011 3 8541 2880 9082 3293 338
26012 1 23431 23116 23981 23504 392
26013 1 10497 20338 11013 20834 61
26014 3 7929 16499 8402 16962 166
26015 1 16831 5443 17386 5922 105
26016 3 15637 15551 15953 16093 356
26017 2 6446 8251 6749 8571 216
26018 3 17663 2584 18025 3050 486
26019 1 15119 17880 15496 18317 277
26020 3 7136 8972 7512 9316 476
26021 3 9136 21796 9717 22132 233
26022 3 22689 12040 23192 12588 462
26023 3 8385 1382 8851 1977 163
26024 1 8529 17189 9084 17540 404
26025 1 7345 7696 7722 8282 45
26026 1 20032 9036 20382 9572 155
26027 3 2767 16026 3306 16348 237
26028 3 7827 23731 8232 24313 388
26029 3 18996 22281 19345 22609 480
26030 1 17438 18764 17932 19263 123
26031 2 4502 15360 4882 15853 23
26032 2 24215 14155 24767 14518 265
26033 1 12546 11937 12884 12273 340
26034 1 15998 12226 16436 12825 4
26035 1 24256 1295 24602 1596 200
26036 1 20496 23431 20975 23853 431
26037 3 19447 9016 19917 9359 126
26038 2 6723 11409 7040 11877 436
26039 1 7280 8682 7700 9022 384
26040 3 16400 15317 16728 15666 400
26041 3 4678 22363 5215 22792 284
26042 2 8676 9865 9144 10435 253
26043 2 21822 4550 22175 4910 3
26044 3 5581 18948 6118 19489 336
26045 1 23965 23987 24396 24543 8
26046 2 20934 9145 21308 9723 201
26047 3 1174 20589 1531 21176 496
26048 1 23031 14708 23483 15010 240
26049 3 18366 21382 18875 21732 461
26050 2 8456 13475 8939 13973 407
26051 2 205 7969 690 8493 392
26052 2 216 6661 695 7020 367
26053 2 16622 1598 17210 2055 156
26054 2 13322 6608 13909 7060 38
26055 3 19640 23315 19948 23708 137
26056 3 16929 18957 17470 19439 486
26057 2 18584 5193 18942 5494 51
26058 2 15929 12304 16473 12694 293
26059 1 6943 7890 7331 8219 108
26060 3 20177 15859 20647 16182 84
26061 3 24156 12582 24684 12899 447
26062 1 4430 17109 4988 17541 150
26063 1 16470 9662 16981 10145 456
26064 2 7604 8440 8158 8847 372
26065 1 14674 2379 15261 2770 432
26066 1 16632 23623 17105 24129 69
26067 3 10238 7549 10810 7943 363
26068 2 22876 17021 23317 17490 3
26069 3 14901 3702 15225 4236 306
26070 1 1249 7338 1692 7768 196
26071 1 3553 14785 4134 15287 177
26072 3 7751 609 8238 1115 126
26073 2 17325 21980 17883 22534 156
26074 3 6996 18563 7426 19112 313
26075 2 14559 1230 15027 1775 168
26076 1 17504 2769 17958 3260 354
26077 1 1671 20381 2111 20975 267
26078 3 19930 16004 20481 16465 445
26079 2 18396 17560 18982 17890 434
26080 3 1434 795 1902 1106 421
26081 3 23420 14388 23970 14901 15
26082 2 12794 11358 13276 11699 410
26083 1 1052 14964 1546 15533 290
26084 2 2292 22755 2757 23090 344
26085 2 20771 19218 21299 19582 472
26086 3 18894 22266 19289 22742 188
26087 3 1889 7716 2269 8134 439
26088 2 18998 8722 19538 9117 419
26089 2 20049 15574 20447 16122 244
26090 2 24357 10880 24783 11372 175
26091 1 15482 10446 15880 10998 143
26092 1 1507 8655 2051 9133 293
26093 3 6084 15442 6394 15896 448
26094 2 14648 16692 15072 17135 315
26095 2 17015 6194 17448 6499 400
26096 1 11816 21687 12307 22024 88
26097 3 4575 4219 5079 4560 377
26098 2 17083 13299 17437 13678 374
26099 3 17895 16477 18231 16928 445
26100 1 1917 5546 2258 5915 120
26101 3 6847 14228 7165 14743 370
26102 2 19118 3587 19612 3912 465
26103 3 16189 23515 16584 23918 226
26104 2 1274 6771 1687 7353 54
26105 1 13349 3329 13674 3765 398
26106 1 365 12795 689 13114 120
26107 1 9890 5447 10395 5964 482
26108 3 11329 1060 11736 1633 162
26109 3 19338 12728 19822 13177 103
26110 1 19844 17814 20428 18249 80
26111 2 7463 9257 7774 9735 398
26112 1 753 20795 1136 21099 213
26113 1 17509 9531 18097 10047 341
26114 3 14044 15005 14617 15369 196
26115 2 19168 17245 19664 17725 199
26116 1 18930 19205 19494 19694 418
26117 3 10072 8704 10419 9254 193
26118 3 21308 23098 21857 23673 284
26119 2 22117 8855 22417 9230 496
26120 1 4727 21846 5091 22293 184
26121 3 5749 8041 6289 8434 372
26122 1 13836 19149 14356 19644 270
26123 2 16171 19416 16531 19856 195
26124 3 7284 19106 7629 19601 335
26125 1 19046 11379 19562 11841 488
26126 2 16156 21690 16630 22062 216
26127 1 2805 5948 3221 6355 67
26128 3 18756 970 19221 1422 492
26129 3 11195 12972 11525 13439 302
26130 3 3097 18642 3524 19173 143
26131 3 5854 20652 6158 21212 212
26132 1 7692 9445 8224 9802 75
26133 2 17924 17460 18433 17974 226
26134 2 16288 8748 16670 9318 352
26135 1 9718 2531 10089 2919 487
26136 3 21912 8999 22274 9561 392
26137 1 11618 6880 12111 7247 493
26138 1 14015 2346 14583 2763 280
26139 2 9879 5578 10230 6044 383
26140 1 877 5090 1456 5512 178
26141 2 18960 12289 19357 12693 198
26142 2 23903 5496 24377 6022 9
26143 2 602 13844 1158 14262 248
26144 1 7953 21371 8507 21952 54
26145 2 18669 19341 19083 19884 206
26146 2 18206 2944 18558 3462 394
26147 1 8871 17267 9285 17672 136
26148 2 21218 13070 21747 13577 248
26149 2 15497 22472 15935 22847 59
26150 3 9523 22737 10001 23233 141
26151 1 21002 15478 21459 15799 98
26152 3 21138 15177 21694 15647 332
26153 3 13230 7089 13743 7437 328
26154 2 19782 18827 20088 19246 49
26155 1 8801 8523 9131 8890 116
26156 1 21426 5016 21837 5594 206
26157 2 17543 12091 18067 12583 320
26158 1 9046 3893 9495 4469 309
26159 3 6352 15704 6822 16131 281
26160 3 5180 4986 5687 5515 323
26161 2 19765 18867 20212 19414 174
26162 3 3522 20400 4040 20989 236
26163 1 1443 1133 1898 1540 95
26164 1 21233 21197 21580 21589 41
26165 1 17656 661 18126 995 459
26166 2 22193 4463 22525 4885 92
26167 1 2879 175 3283 483 302
26168 2 6852 12314 7321 12683 430
26169 1 19268 1483 19843 1978 23
26170 3 14480 17168 14966 17573 42
26171 3 19173 2649 19694 3230 490
26172 2 23111 17195 23487 17752 420
26173 3 14012 23106 14598 23583 82
26174 3 4472 2764 4943 3132 223
26175 2 6627 24184 7003 24579 208
26176 1 7874 10570 8240 10885 65
26177 1 23296 9823 23628 10157 228
26178 2 19410 13747 19908 14218 152
26179 3 2690 15973 3030 16551 187
26180 3 8693 21508 9207 21991 338
26181 2 13379 19323 13923 19851 483
26182 3 1215 10194 1703 10577 307
26183 3 22708 4883 23071 5194 352
26184 3 10985 24034 11387 24445 382
26185 3 3350 21975 3778 22466 129
26186 3 7525 2100 7919 2634 43
26187 3 24304 2755 24736 3264 67
26188 2 8095 23672 8406 24051 294
26189 3 6907 287 7502 621 388
26190 1 24094 6853 24659 7377 192
26191 1 5425 18508 5891 18890 293
26192 3 18904 10773 19296 11260 302
26193 2 2885 11584 3316 12015 368
26194 2 14337 11552 14712 11918 187
26195 3 18009 7657 18547 8186 322
26196 2 8137 2608 8683 3118 177
26197 2 2711 10643 3020 10991 495
26198 3 23156 2974 23687 3477 238
26199 3 13208 12436 13554 12980 457
26200 1 22921 12147 23345 12545 295
26201 2 15441 17052 15798 17396 65
26202 3 21712 5284 22305 5760 342
26203 3 15501 17775 16083 18263 69
26204 3 15250 10280 15569 10604 336
26205 1 8059 4816 8630 5292 154
26206 3 1895 19057 2239 19404 197
26207 1 14462 17333 14957 17694 163
26208 1 10864 17446 11394 17947 290
26209 2 380 4965 753 5496 478
26210 1 22892 18478 23401 18797 431
26211 2 4784 22026 5116 22567 81
26212 3 1114 22829 1502 23308 266
26213 3 21065 7825 21469 8357 482
26214 2 1925 24089 2232 24664 120
26215 2 9355 20862 9801 21421 487
26216 2 8343 23460 8829 24012 468
26217 1 6672 23978 7045 24425 113
26218 2 2036 17429 2524 17736 484
26219 3 21595 4764 21965 5342 216
26220 1 20083 18923 20546 19331 351
26221 1 23885 9733 24421 10220 220
26222 3 14690 21913 15001 22404 260
26223 1 2832 5263 3374 5753 126
26224 1 11482 16827 12030 17145 489
26225 2 2456 10376 2792 10898 68
26226 2 13160 23598 13611 23997 450
26227 3 21376 5771 21974 6110 497
26228 2 7219 9751 7551 10224 205
26229 3 17121 10757 17554 11115 243
26230 2 13667 22812 14096 23268 24
26231 2 17721 13160 18125 13645 251
26232 2 10554 15274 10891 15840 261
26233 2 6497 11585 6908 12003 251
26234 2 3962 15603 4464 15928 476
26235 3 14208 9546 14585 9860 175
26236 2 10688 797 11058 1236 13
26237 1 16433 12068 16862 12481 91
26238 3 4578 16244 5091 16631 349
26239 2 12678 17038 13216 17590 316
26240 2 4528 21907 4868 22369 478
26241 3 3231 15674 3620 16088 235
26242 2 19116 9561 19426 9880 132
26243 2 4480 18259 4989 18616 9
26244 2 8468 12779 8872 13297 141
26245 1 9255 19637 9741 20105 452
26246 2 19046 10549 19496 11098 144
26247 1 2507 5480 3075 5878 310
26248 2 14985 16011 15476 16513 135
26249 3 7973 22576 8488 23016 286
26250 3 5466 23705 5960 24102 0
26251 3 1915 16715 2496 17036 51
26252 3 8336 12065 8781 12594 206
26253 1 9453 3132 10035 3513 203
26254 2 2447 22772 2948 23158 292
26255 1 17775 19835 18213 20158 83
26256 2 18633 18230 19081 18797 432
26257 1 10364 4783 10952 5091 210
26258 1 6228 16626 6791 17084 239
26259 3 1957 9690 2353 9994 50
26260 3 21765 16677 22143 17142 406
26261 3 23735 23658 24266 24213 162
26262 1 8258 21177 8643 21504 233
26263 3 9874 8314 10473 8851 238
26264 2 14768 16036 15146 16594 221
26265 1 4527 20866 4856 21334 251
26266 2 11834 2767 12362 3193 395
26267 1 20139 16603 20536 17165 497
26268 3 16032 735 16333 1295 95
26269 3 22606 7209 22965 7732 140
26270 3 1590 19702 2006 20223 478
26271 1 12731 15122 13055 15646 343
26272 2 7881 17551 8321 17869 319
26273 2 6930 16553 7370 16996 413
26274 3 16809 831 17151 1191 482
26275 3 7966 4631 8274 5004 351
26276 2 726 15163 1188 15540 170
26277 2 11063 12594 11521 13116 6
26278 2 7693 10176 8003 10523 30
26279 3 7774 7550 8307 8142 405
26280 2 11576 6590 12092 7065 404
26281 2 8334 8975 8767 9557 458
26282 1 2038 2398 2629 2963 174
26283 2 20505 15059 20825 15405 53
26284 3 14595 18732 15124 19146 467
26285 2 2241 487 2572 887 146
26286 2 10881 15867 11456 16318 436
26287 1 8912 1059 9357 1416 257
26288 2 24357 15089 24699 15561 62
26289 3 16849 15826 17307 16141 283
26290 1 3979 18334 4570 18859 475
26291 1 22785 18370 23098 18905 194
26292 1 4415 21126 4953 21686 330
26293 2 382 14087 834 14643 229
26294 1 13387 5876 13967 6359 469
26295 3 4851 14273 5247 14662 245
26296 1 6788 7310 7202 7811 424
26297 1 12663 13882 13126 14334 47
26298 2 20778 4967 21140 5304 474
26299 1 6318 2292 6722 2796 341
26300 1 23923 15995 24277 16553 193
26301 2 11967 6887 12371 7187 394
26302 3 12720 194 13244 679 439
26303 1 11983 14490 12418 14799 195
26304 3 18105 16701 18487 17160 132
26305 1 7160 2515 7667 3075 467
26306 2 1790 19003 2271 19513 445
26307 3 8179 16379 8755 16900 335
26308 1 15443 11713 15999 12250 79
26309 2 20714 16146 21088 16492 63
26310 1 9450 1406 9950 1798 372
26311 2 22596 13706 23090 14201 177
26312 1 3756 17584 4279 17885 465
26313 3 20657 13220 21184 13601 440
26314 3 4548 20983 4962 21379 82
26315 1 8903 5553 9301 6082 329
26316 2 20230 17722 20645 18319 184
26317 3 18759 14471 19212 14780 245
26318 3 8973 11178 9274 11561 250
26319 2 10583 15299 11040 15849 463
26320 2 17294 8463 17772 9042 302
26321 3 10344 9118 10859 9609 25
26322 3 19836 22700 20246 23051 407
26323 1 13264 13378 13765 13785 288
26324 2 1019 21361 1570 21950 275
26325 1 1605 21791 2118 22114 3
26326 1 21295 4529 21801 5110 349
26327 3 16184 1018 16500 1367 59
26328 3 4598 14516 5193 15108 468
26329 3 7609 4952 7974 5344 10
26330 2 4787 9849 5275 10434 107
26331 3 7767 19874 8284 20462 162
26332 3 17248 11782 17601 12329 180
26333 1 11515 5425 11959 5949 61
26334 2 15043 11363 15609 11721 321
26335 2 4118 5249 4489 5668 325
26336 1 11748 14265 12094 14632 249
26337 1 4047 14628 4387 15084 278
26338 2 5906 10390 6455 10905 306
26339 1 19437 1314 19769 1844 339
26340 2 10124 15717 10647 16120 443
26341 2 5615 15945 6130 16506 125
26342 1 6368 19026 6823 19372 397
26343 1 8015 11867 8469 12395 445
26344 2 14966 3978 15342 4478 162
26345 2 5691 8637 6215 8978 240
26346 3 3634 19357 4047 19768 56
26347 3 5069 4008 5625 4506 94
26348 1 15024 3179 15611 3761 470
26349 3 1246 18656 1583 19007 150
26350 3 19366 12202 19927 12648 31
26351 3 3597 15717 3993 16287 347
26352 2 24087 15662 24479 15970 225
26353 1 4699 22719 5251 23234 139
26354 1 6074 5314 6645 5617 379
26355 1 1368 15022 1859 15410 8
26356 2 11164 22076 11604 22594 242
26357 2 17857 4034 18361 4437 243
26358 2 3421 8838 3721 9154 142
26359 1 6079 9492 6561 9869 0
26360 1 15065 937 15558 1512 277
26361 1 14910 19634 15212 20141 103
26362 3 17507 901 17879 1258 415
26363 3 2461 17212 2845 17532 118
26364 2 6823 22051 7147 22374 387
26365 1 11276 14365 11803 14924 179
26366 3 15346 5586 15904 6123 468
26367 3 5022 9485 5603 10027 236
26368 3 12170 17363 12632 17677 24
26369 2 5332 16960 5872 17471 281
26370 3 7605 23237 8042 23542 475
26371 2 7501 5953 7888 6338 84
26372 3 10144 7641 10665 7954 252
26373 2 13772 16263 14082 16824 146
26374 1 15449 22918 15957 23334 360
26375 2 1346 2385 1847 2941 253
26376 1 2289 6174 2775 6611 106
26377 2 5254 18388 5741 18734 365
26378 2 8040 2009 8357 2605 79
26379 2 22212 12813 22716 13133 317
26380 3 17201 24022 17654 24384 307
26381 2 13603 19276 14072 19770 368
26382 3 8976 9966 9433 10305 261
26383 2 15396 5760 15710 6259 171
26384 1 20050 6779 20623 7204 102
26385 3 7259 4104 7840 4558 153
26386 3 10455 4965 10997 5375 228
26387 3 15285 21152 15643 21524 450
26388 3 5801 17444 6323 17923 143
26389 2 12239 3239 12623 3623 175
26390 3 11329 8945 11904 9410 204
26391 1 18822 5722 19179 6118 203
26392 2 1157 18413 1680 18719 26
26393 3 12440 4102 12756 4599 402
26394 1 13329 6175 13818 6649 191
26395 2 4777 18365 5224 18872 33
26396 2 1960 19031 2331 19506 335
26397 3 10253 21519 10712 22055 37
26398 1 3534 6117 3868 6547 414
26399 2 19595 1378 20181 1905 299
26400 3 19006 21383 19333 21719 331
26401 3 17991 24082 18467 24495 121
26402 2 2064 2015 2523 2460 210
26403 2 9024 16649 9547 17212 88
26404 2 15773 8259 16345 8572 341
26405 2 8831 8349 9199 8746 112
26406 3 5163 13451 5480 13791 422
26407 2 11611 15753 11964 16312 419
26408 3 17138 12191 17572 12710 487
26409 3 7469 14972 7908 15307 333
26410 3 1352 18552 1850 19072 323
26411 2 13859 16045 14394 16451 152
26412 1 18068 10391 18371 10976 313
26413 3 16953 9177 17292 9486 470
26414 2 1620 12080 2031 12570 462
26415 2 12976 23420 13548 23769 194
26416 2 6379 18997 6832 19538 199
26417 2 13152 4036 13645 4357 311
26418 2 8306 9194 8712 9679 89
26419 3 8884 16248 9267 16842 223
26420 2 4044 18222 4473 18720 359
26421 1 21675 3804 22045 4305 357
26422 3 14473 9896 14815 10495 143
26423 2 4294 10740 4638 11187 38
26424 1 11460 17241 12017 17569 374
26425 3 14073 16324 14619 16664 215
26426 2 18142 1821 18503 2408 156
26427 1 21811 6239 22117 6826 30
26428 2 2610 19489 3172 19991 318
26429 2 14664 18988 15220 19494 322
26430 3 17171 2745 17650 3106 121
26431 2 19683 8224 20189 8637 80
26432 1 17699 3945 18132 4445 244
26433 3 19816 12216 20174 12807 475
26434 2 2777 23690 3293 24069 204
26435 2 18085 6389 18525 6785 117
26436 3 22401 14420 22926 14920 391
26437 3 6054 14018 6444 14431 265
26438 3 1303 1791 1675 2139 321
26439 1 2436 1701 3032 2275 330
26440 2 16941 16666 17307 17134 374
26441 2 924 18634 1459 19004 53
26442 1 6359 3260 6936 3730 73
26443 2 23059 4493 23583 4977 145
26444 2 21071 21353 21617 21863 391
26445 3 3099 4103 3657 4654 428
26446 2 15545 10512 15902 11069 64
26447 3 15365 4992 15900 5408 205
26448 2 6966 15246 7329 15667 302
26449 1 8420 11496 8973 11866 247
26450 1 5289 6832 5716 7349 478
26451 1 7233 9907 7617 10365 368
26452 2 9223 23042 9622 23462 75
26453 1 1828 18214 2312 18597 391
26454 1 3503 5366 3988 5713 318
26455 2 2153 20161 2705 20699 407
26456 2 17241 7887 17827 8344 188
26457 3 21011 3563 21583 3969 201
26458 3 24009 11765 24317 12126 47
26459 3 2219 11393 2577 11956 465
26460 1 11458 6595 11875 6935 245
26461 3 4265 14871 4565 15365 143
26462 1 18517 6599 18848 6952 399
26463 3 22828 8255 23202 8815 257
26464 3 14153 16763 14620 17191 332
26465 1 14381 23503 14965 23849 252
26466 1 15308 7828 15865 8414 120
26467 1 1176 266 1726 753 114
26468 3 20088 16114 20556 16420 90
26469 3 5758 20115 6259 20594 336
26470 3 21087 7705 21455 8046 313
26471 2 17572 5068 18068 5380 342
26472 3 21520 13086 21922 13433 393
26473 1 6821 23845 7383 24420 236
26474 2 6337 15192 6887 15759 255
26475 3 12557 7816 13140 8235 119
26476 1 22267 18836 22771 19383 323
26477 2 18729 10341 19314 10897 407
26478 3 664 23419 1249 23749 415
26479 1 16386 16547 16938 17126 355
26480 3 20161 17885 20524 18246 143
26481 2 3662 10101 4234 10659 336
26482 2 12859 15683 13304 16210 50
26483 1 9717 20123 10208 20481 493
26484 3 1872 16336 2197 16932 35
26485 1 583 23706 962 24304 201
26486 2 17816 7712 18191 8134 271
26487 3 20045 20508 20469 20993 469
26488 2 21331 1567 21846 2141 360
26489 3 13091 7018 13486 7570 304
26490 3 8839 2582 9278 2982 142
26491 1 12687 10054 13136 10456 430
26492 2 17972 19570 18317 20020 419
26493 3 21063 6532 21372 6934 370
26494 2 10798 1842 11173 2296 110
26495 3 18126 19291 18597 19824 415
26496 3 4717 503 5190 1057 374
26497 1 19413 13691 19781 14039 494
26498 3 6945 19840 7435 20296 208
26499 1 23176 12451 23692 12798 65
26500 1 2745 13788 3198 14274 416
26501 1 436 10963 1035 11324 158
26502 1 21558 13000 22004 13471 459
26503 2 14375 1780 14716 2305 176
26504 2 13103 2850 13699 3303 51
26505 2 9984 14901 10499 15420 155
26506 3 18257 19504 18825 20024 406
26507 1 20705 16049 21241 16639 303
26508 1 4257 13048 4705 13614 91
26509 1 15827 4686 16303 5114 327
26510 3 16621 408 17044 750 457
26511 1 14428 10543 14755 10914 274
26512 3 8464 8489 8777 8813 273
26513 3 17142 24347 17739 24717 137
26514 3 11133 705 11593 1194 287
26515 1 5360 5753 5703 6313 129
26516 1 16294 10425 16702 10889 263
26517 3 12505 15250 12913 15637 430
26518 3 17813 1732 18311 2049 27
26519 2 17716 12622 18068 13044 141
26520 1 19877 8666 20328 9029 297
26521 2 10328 13095 10678 13684 24
26522 1 13633 15683 13984 15998 286
26523 3 14847 14193 15196 14568 318
26524 1 9367 23798 9690 24365 285
26525 1 24016 22774 24492 23102 22
26526 3 3840 9559 4204 9957 456
26527 1 18036 4458 18459 4895 66
26528 3 15652 1771 15966 2118 433
26529 1 9797 3996 10116 4383 208
26530 2 10978 10991 11576 11436 103
26531 2 21740 11894 22170 12364 477
26532 1 5022 23169 5605 23727 266
26533 1 7869 1519 8456 1877 347
26534 2 17407 14441 17744 15028 118
26535 2 1051 10626 1408 11205 423
26536 2 1069 13903 1476 14311 31
26537 3 23781 6502 24344 6891 474
26538 2 21608 1628 21932 2126 356
26539 1 2243 11197 2774 11581 428
26540 2 2359 16129 2724 16639 391
26541 3 19914 15535 20482 16024 60
26542 1 15846 14044 16335 14409 60
26543 1 18305 1930 18849 2238 196
26544 2 5962 10639 6503 11157 344
26545 1 22298 8691 22881 9151 399
26546 2 2686 20020 3085 20385 20
26547 1 1655 24180 2239 24754 96
26548 3 20386 15190 20735 15702 95
26549 3 13498 12264 13835 12567 410
26550 1 23201 22807 23634 23384 124
26551 3 3130 12812 3582 13224 154
26552 1 3939 3439 4431 3779 15
26553 3 14001 15393 14512 15757 60
26554 1 19016 602 19370 938 298
26555 1 4035 16499 4477 17082 403
26556 2 10795 9325 11367 9707 364
26557 3 11127 21443 11441 21830 259
26558 3 1578 15240 2105 15630 45
26559 3 12828 21947 13130 22324 206
26560 2 6215 9471 6641 9848 10
26561 2 1387 12202 1856 12738 216
26562 3 8961 19037 9308 19441 49
26563 3 17643 22972 18021 23341 297
26564 2 8933 23237 9318 23787 11
26565 2 3100 22253 3537 22729 413
26566 2 17639 2787 18000 3381 122
26567 3 8699 4793 9058 5362 29
26568 2 17634 3584 18226 4145 71
26569 3 13158 21882 13658 22288 395
26570 1 22891 16194 23422 16721 178
26571 3 17189 16979 17584 17549 440
26572 1 7337 21895 7680 22261 58
26573 2 6355 317 6818 664 324
26574 2 14120 14177 14607 14611 213
26575 1 13464 19592 13892 19971 157
26576 1 6569 21384 7077 21842 147
26577 2 17485 20538 18056 20959 65
26578 1 8785 279 9348 779 355
26579 2 17558 18898 17872 19230 338
26580 3 15515 6804 15890 7250 355
26581 3 11361 19290 11930 19684 416
26582 3 16285 19699 16737 20244 95
26583 2 178 10283 491 10669 491
26584 2 23743 10247 24321 10554 62
26585 2 3613 23523 4124 24112 28
26586 2 5904 1278 6390 1837 455
26587 2 8067 3845 8614 4287 393
26588 3 13660 2038 14096 2573 25
26589 1 2029 3486 2431 4081 157
26590 1 12139 4701 12441 5289 422
26591 1 23783 21966 24181 22304 238
26592 3 14194 2640 14546 3191 268
26593 3 20067 11413 20576 11786 387
26594 1 18892 16387 19431 16886 429
26595 1 14859 14334 15292 14834 136
26596 2 6662 14507 7127 14853 332
26597 3 7259 7818 7767 8278 473
26598 1 19370 19389 19805 19834 130
26599 3 19415 18076 19969 18433 256
26600 2 8596 6764 9069 7214 399
26601 3 23687 5908 24144 6319 498
26602 1 19474 17218 19960 17524 95
26603 3 18458 15928 18903 16501 358
26604 2 13028 859 13580 1396 409
26605 3 22576 12512 22981 13047 20
26606 3 5174 18693 5667 19082 495
26607 1 14901 254 15275 640 421
26608 2 22182 11934 22655 12237 400
26609 3 21118 4094 21705 4670 159
26610 3 11099 15416 11607 15877 47
26611 2 18833 21005 19346 21579 20
26612 3 5308 9198 5744 9601 33
26613 2 68 522 477 1063 301
26614 2 15916 4637 16322 5212 2
26615 1 15248 22572 15690 23103 152
26616 2 7818 5493 8404 6052 327
26617 3 7600 20796 8024 21252 381
26618 2 19805 6510 20210 6968 185
26619 1 6763 23858 7331 24366 34
26620 1 13759 4241 14215 4770 222
26621 2 16356 13918 16733 14335 327
26622 3 2406 2233 2750 2592 203
26623 3 2491 18367 2841 18841 410
26624 2 20133 13826 20498 14303 259
26625 2 14086 5939 14677 6303 421
26626 1 5597 4802 5897 5146 275
26627 2 1110 18472 1561 19031 404
26628 1 4737 20734 5139 21150 211
26629 1 21018 22339 21472 22855 449
26630 3 11841 21567 12398 21982 368
26631 1 4041 12441 4387 12889 334
26632 3 13495 15852 13874 16361 472
26633 3 8660 11838 9181 12197 232
26634 2 2568 7325 2993 7749 475
26635 3 17522 17689 18093 18117 145
26636 3 2150 10816 2697 11397 354
26637 3 11428 2805 11815 3182 52
26638 1 1000 22502 1300 22952 422
26639 1 21430 16680 21989 17269 360
26640 1 5878 15994 6304 16361 348
26641 2 14937 10259 15405 10746 198
26642 3 23629 16482 24146 17042 237
26643 3 23994 15127 24341 15582 204
26644 2 20935 14189 21470 14559 372
26645 2 15926 13312 16446 13724 96
26646 3 19529 11318 20018 11808 422
26647 1 17410 6640 17919 7105 169
26648 2 8217 1468 8598 1990 367
26649 1 21322 19257 21696 19822 421
26650 3 14913 2574 15224 3056 354
26651 1 15527 5835 16078 6290 438
26652 2 24335 2969 24808 3563 171
26653 1 10999 21907 11505 22434 470
26654 1 21494 6263 21831 6818 333
26655 2 17457 23417 18052 23848 13
26656 2 22230 14435 22637 14865 267
26657 1 21484 22643 22041 23120 16
26658 1 13414 14165 13989 14706 373
26659 3 8062 22657 8658 23014 427
26660 3 19052 10435 19639 11026 422
26661 2 16395 4541 16769 4947 386
26662 3 17994 12236 18543 12691 33
26663 1 14863 23677 15327 24140 298
26664 3 20151 8511 20543 9039 90
26665 3 18234 15135 18797 15569 350
26666 1 4914 31 5419 578 70
26667 2 570 18868 918 19465 359
26668 1 20394 19790 20904 20134 199
26669 2 17675 12503 18213 12981 150
26670 3 20724 16460 21271 16978 116
26671 2 1250 1134 1772 1642 404
26672 2 17570 14239 18001 14766 417
26673 2 5059 22406 5503 22946 344
26674 3 18318 10152 18868 10538 137
26675 3 22207 7127 22537 7603 31
26676 3 12522 7927 13099 8287 329
26677 3 12170 19390 12691 19902 433
26678 1 4688 21867 5006 22303 186
26679 1 23472 3245 24047 3646 89
26680 2 11190 19595 11786 20128 337
26681 3 7401 17432 7754 17878 441
26682 1 1557 3621 2098 4148 336
26683 3 13760 16098 14062 16588 480
26684 3 9111 6129 9432 6465 120
26685 3 5787 3444 6287 3939 69
26686 3 14378 18657 14803 19169 99
26687 2 21533 19276 21980 19832 99
26688 3 19279 13939 19843 14287 166
26689 2 24370 8209 24858 8717 338
26690 2 2629 21500 3181 21932 329
26691 1 10730 10858 11185 11178 79
26692 3 14074 2503 14515 3048 252
26693 1 5257 8181 5768 8774 361
26694 1 5490 3560 5866 4154 44
26695 1 10383 17681 10866 18245 14
26696 1 5545 13394 6074 13871 410
26697 1 7317 2115 7703 2462 106
26698 2 7140 13852 7449 14316 374
26699 1 4637 10916 5003 11459 87
26700 2 20913 14644 21364 15217 475
26701 1 7828 22103 8179 22702 285
26702 3 9501 22197 9803 22656 477
26703 3 22812 11209 23336 11739 218
26704 1 6794 17695 7296 18193 122
26705 3 13608 8864 13957 9234 98
26706 2 8465 17360 8943 17916 328
26707 3 17672 22542 18060 23103 23
26708 3 3611 14380 3945 14797 482
26709 1 15500 21786 15958 22345 177
26710 2 4185 24353 4651 24691 97
26711 1 10806 22168 11231 22640 199
26712 2 18236 11948 18727 12479 298
26713 2 3215 14790 3649 15168 191
26714 1 4378 24375 4784 24884 322
26715 2 5212 22827 5760 23205 400
26716 3 23464 16104 24035 16523 207
26717 1 11004 19401 11414 19933 144
26718 2 6028 17541 6550 18118 361
26719 2 20700 5130 21154 5717 56
26720 3 16071 11717 16563 12139 414
26721 3 868 1340 1255 1871 412
26722 2 22482 19791 23040 20101 183
26723 3 19734 3138 20100 3633 461
26724 1 19725 18132 20241 18467 144
26725 1 23229 15115 23638 15523 327
26726 3 6733 2849 7284 3187 459
26727 2 20694 24314 21049 24693 418
26728 2 22300 19266 22627 19843 379
26729 1 21975 22607 22347 23035 6
26730 1 7337 18048 7697 18427 332
26731 2 18274 14069 18693 14455 470
26732 1 14909 2126 15298 2656 491
26733 2 6307 8351 6736 8800 31
26734 1 17154 13172 17623 13546 170
26735 2 4150 15137 4461 15633 175
26736 1 1668 3878 2006 4467 140
26737 2 20659 14650 21000 14962 359
26738 3 9797 13760 10138 14271 263
26739 2 6806 13049 7283 13436 474
26740 3 23980 17614 24393 18137 250
26741 2 985 21314 1443 21877 144
26742 2 12429 20214 12948 20553 257
26743 1 7000 18068 7318 18461 111
26744 1 21925 16012 22417 16446 105
26745 1 14439 6510 14923 7044 80
26746 3 22178 10505 22632 10975 202
26747 3 15250 8453 15752 8964 434
26748 3 16632 5446 17105 6044 362
26749 1 12259 15932 12719 16477 363
26750 3 23527 17844 23892 18253 429
26751 3 19573 19802 20105 20276 181
26752 1 16540 4263 17030 4773 424
26753 1 4984 15342 5518 15803 66
26754 3 7231 13026 7711 13449 344
26755 2 11984 13857 12513 14424 38
26756 1 16166 15504 16552 16003 402
26757 1 12793 7240 13096 7706 408
26758 2 12392 14957 12706 15466 218
26759 3 14624 2733 15135 3093 363
26760 3 12639 22497 13188 22805 261
26761 2 23423 13838 23851 14363 364
26762 2 17683 13211 17997 13606 478
26763 1 13435 19102 13879 19453 400
26764 3 6874 1593 7295 2161 136
26765 2 17964 12050 18488 12552 173
26766 3 6258 21167 6676 21586 224
26767 2 11923 16105 12271 16607 232
26768 3 22262 4275 22632 4800 457
26769 2 5205 11658 5633 12009 175
26770 3 15546 16418 15914 16764 235
26771 2 1453 10021 1785 10514 453
26772 3 18387 4402 18727 4934 233
26773 3 1229 7546 1532 7953 1
26774 1 10507 4634 10946 5132 79
26775 2 4483 3893 4947 4320 111
26776 3 4961 3814 5330 4389 221
26777 2 23934 2704 24324 3252 340
26778 3 21162 23845 21514 24175 425
26779 3 3392 10790 3954 11256 27
26780 2 2596 22260 3131 22798 128
26781 2 21601 24124 22015 24581 244
26782 1 3287 10955 3793 11368 173
26783 3 20338 16015 20893 16426 167
26784 1 24216 3785 24757 4321 488
26785 1 22172 1089 22686 1632 35
26786 1 8368 3530 8769 3883 270
26787 2 5018 22371 5453 22806 342
26788 1 2406 21868 2964 22376 443
26789 2 2583 14502 2950 14837 396
26790 1 22537 7943 23110 8386 256
26791 3 14974 19530 15300 20027 272
26792 3 5506 24391 5964 24988 129
26793 2 22167 3430 22647 3845 55
26794 2 19985 4889 20287 5297 233
26795 1 16447 8852 16965 9332 215
26796 3 20199 17771 20703 18073 182
26797 3 3101 19335 3645 19752 277
26798 2 18282 4224 18698 4690 278
26799 3 4093 17052 4418 17643 263
26800 1 4597 3670 5106 4173 214
26801 2 11151 18432 11592 18775 140
26802 1 71 8665 518 9036 447
26803 2 10364 13534 10777 14025 143
26804 2 10405 13410 10885 13998 110
26805 3 12374 16512 12750 17103 497
26806 1 113 19513 590 20055 398
26807 3 5583 11262 6059 11626 473
26808 3 13234 6635 13614 7191 360
26809 2 4260 18053 4716 18383 25
26810 2 22056 9708 22475 10291 97
26811 1 2741 415 3229 957 236
26812 1 11036 466 11581 852 166
26813 1 12303 10420 12745 10878 37
26814 2 19362 218 19791 645 411
26815 2 6541 15599 6983 16174 276
26816 2 17387 12355 17838 12864 217
26817 2 4753 18163 5166 18595 140
26818 2 19645 13806 20185 14175 125
26819 2 693 16610 1076 17008 269
26820 3 4934 2984 5433 3331 182
26821 1 14499 4857 15074 5338 140
26822 2 8655 18163 8983 18566 315
26823 3 4737 21797 5334 22178 40
26824 1 18526 832 18958 1354 295
26825 3 2945 4080 3442 4593 289
26826 1 10324 2313 10676 2801 450
26827 1 21905 16373 22462 16757 388
26828 3 20383 6515 20700 6997 31
26829 2 9700 14921 10115 15336 293
26830 2 14945 1206 15453 1638 334
26831 1 11816 16122 12326 16525 478
26832 1 11926 163 12410 640 107
26833 3 5110 24097 5657 24536 404
26834 2 20162 18245 20635 18826 127
26835 1 20918 11757 21337 12291 129
26836 3 20091 20057 20533 20488 477
26837 3 9221 16937 9538 17347 466
26838 1 15445 9276 16007 9726 176
26839 2 15784 15234 16209 15683 264
26840 2 13861 1521 14439 1874 183
26841 2 9009 13980 9551 14494 179
26842 1 12541 14461 12987 15015 267
26843 2 22381 50 22869 358 496
26844 2 14411 15869 14845 16416 168
26845 2 6821 22941 7151 23272 33
26846 3 6093 18145 6466 18678 336
26847 1 6964 19989 7555 20431 223
26848 1 19130 22595 19644 23157 337
26849 1 18112 1641 18583 2037 67
26850 2 3112 15063 3490 15601 305
26851 3 21025 11312 21386 11644 457
26852 1 22543 6708 23117 7124 45
26853 2 23615 17202 24072 17708 28
26854 2 21690 17809 22059 18167 232
26855 3 23611 8013 23912 8344 158
26856 3 10244 17540 10799 17875 433
26857 2 4805 14224 5303 14740 120
26858 3 5226 6051 5702 6544 16
26859 2 21213 16190 21614 16753 61
26860 2 19104 17755 19563 18199 242
26861 2 21363 58 21768 483 283
26862 1 19122 334 19623 768 380
26863 2 17527 15764 17830 16200 483
26864 2 4932 18486 5510 18995 441
26865 3 7366 10900 7821 11418 83
26866 1 1800 17384 2365 17855 470
26867 2 15495 2296 15916 2785 450
26868 3 17306 19158 17838 19508 67
26869 1 10346 3944 10760 4490 75
26870 2 15808 14434 16221 14903 19
26871 3 9419 4587 9911 5079 97
26872 2 17520 487 17825 1003 262
26873 3 7241 13485 7631 13965 369
26874 1 20520 302 21095 813 186
26875 2 21102 7804 21494 8210 264
26876 3 22451 20704 22788 21086 331
26877 2 12630 14871 13197 15440 69
26878 3 8658 3455 9157 3927 122
26879 1 16921 16785 17291 17094 78
26880 3 16500 5829 16916 6393 60
26881 1 3214 5534 3650 6112 209
26882 1 20289 7993 20618 8512 417
26883 2 12111 18171 12497 18681 224
26884 1 3371 7912 3907 8250 65
26885 1 9627 10774 10090 11251 419
26886 2 16859 20373 17436 20786 424
26887 1 95 9875 566 10333 134
26888 2 23394 2832 23960 3322 202
26889 3 19200 469 19758 874 141
26890 1 3705 10100 4256 10595 17
26891 1 10230 7390 10692 7802 194
26892 3 9240 12681 9782 13135 462
26893 3 5080 9233 5505 9766 174
26894 1 9699 19673 10086 20092 446
26895 1 1694 15059 2257 15477 428
26896 3 21218 16995 21767 17532 206
26897 2 6741 21148 7097 21697 484
26898 3 15411 1440 15729 1792 74
26899 1 1466 19304 1838 19810 129
26900 3 20754 6862 21227 7194 218
26901 3 6277 8902 6747 9245 301
26902 2 4285 19355 4851 19895 71
26903 3 11165 22897 11695 23424 473
26904 3 17328 6228 17844 6677 402
26905 1 15642 14680 16187 15142 435
26906 1 19265 7997 19745 8476 109
26907 2 8923 2930 9448 3460 95
26908 2 12973 13989 13465 14370 232
26909 3 22028 24186 22449 24585 177
26910 1 16217 13233 16607 13662 415
26911 2 7927 1562 8482 2061 321
26912 1 21585 17814 22079 18215 283
26913 2 1446 20025 1902 20444 38
26914 1 4198 4678 4586 5143 260
26915 3 5533 6153 5899 6522 154
26916 2 22029 4874 22551 5288 54
26917 1 20246 1791 20742 2219 277
26918 2 24232 3480 24603 4049 473
26919 2 18210 14923 18760 15396 426
26920 1 15311 3009 15675 3546 475
26921 2 820 16569 1158 17137 167
26922 2 9198 733 9736 1165 93
26923 3 21287 24011 21671 24430 199
26924 3 22983 5618 23514 6067 28
26925 1 12042 8234 12461 8693 489
26926 2 3295 17845 3684 18287 443
26927 2 1907 10484 2406 10804 195
26928 2 7014 19862 7442 20185 373
26929 1 17751 9757 18170 10248 22
26930 2 16281 2350 16841 2767 281
26931 2 4587 135 5148 559 349
26932 1 4475 13959 4926 14290 220
26933 2 15304 692 15634 1211 451
26934 2 10947 7241 11435 7751 341
26935 3 3319 6808 3825 7402 453
26936 1 22874 22633 23291 22934 263
26937 2 9701 12073 10086 12509 214
26938 2 20632 815 21006 1361 373
26939 1 13187 16823 13692 17137 116
26940 2 5762 3312 6305 3751 129
26941 3 16556 8249 16983 8634 44
26942 2 23044 17157 23405 17661 36
26943 1 14573 18421 15161 18900 18
26944 3 14670 4369 15267 4823 427
26945 1 23615 20679 23959 21049 236
26946 3 4289 20847 4860 21252 372
26947 1 1797 18855 2362 19428 325
26948 1 19408 9674 19721 9986 296
26949 3 3330 16028 3848 16389 294
26950 1 3195 18463 3531 19020 136
26951 2 18752 24077 19096 24602 426
26952 3 10949 10680 11301 11044 100
26953 2 16165 370 16728 745 223
26954 3 14789 23863 15375 24444 239
26955 2 21954 19640 22548 20200 326
26956 2 1596 3574 2016 3903 368
26957 2 12981 13537 13508 14076 346
26958 2 6283 2068 6724 2540 347
26959 3 23798 1982 24157 2306 421
26960 3 3514 15482 4003 15987 193
26961 3 18884 7998 19217 8502 122
26962 3 13633 12 14046 594 112
26963 2 12214 124 12722 439 397
26964 1 8148 6269 8549 6709 344
26965 2 12325 22444 12805 22816 365
26966 1 23354 6120 23953 6694 335
26967 1 14390 20710 14789 21016 152
26968 1 23955 2616 24395 2975 328
26969 2 18929 4516 19252 4883 420
26970 2 14752 23684 15299 24005 65
26971 2 18741 13355 19338 13883 298
26972 1 15794 22669 16240 23060 278
26973 3 5779 13317 6082 13842 278
26974 1 7310 23163 7872 23727 83
26975 1 11927 21553 12321 22035 432
26976 1 12177 18314 12727 18674 8
26977 2 2082 23323 2605 23659 330
26978 3 8494 20739 8881 21088 272
26979 2 10128 12614 10586 12964 380
26980 3 20509 5091 20872 5604 415
26981 3 10742 5187 11175 5670 144
26982 2 363 19526 925 20094 235
26983 3 9193 11398 9763 11949 426
26984 2 10966 17295 11273 17643 486
26985 1 2148 5027 2644 5481 272
26986 3 5014 14639 5458 15116 140
26987 1 14953 21384 15425 21802 479
26988 2 22082 2802 22648 3142 232
26989 2 12611 715 13207 1129 3
26990 2 2998 17193 3550 17709 85
26991 2 17105 17321 17703 17665 334
26992 3 13700 4607 14175 5112 197
26993 1 12392 19772 12883 20287 439
26994 1 6631 6482 7157 6978 281
26995 3 18872 21492 19339 21836 56
26996 2 10075 5780 10606 6215 248
26997 3 7554 22176 7959 22710 252
26998 3 20530 23780 20920 24197 34
26999 3 12669 818 13019 1284 453
27000 3 13385 23268 13754 23627 479
27001 1 2914 17738 3328 18220 343
27002 2 12226 11941 12634 12395 219
27003 3 11845 3575 12221 4079 35
27004 3 24163 14478 24650 15018 261
27005 1 16694 21004 17275 21567 246
27006 3 5516 22585 5892 22992 1
27007 3 24104 14800 24468 15314 391
27008 2 10594 9378 11149 9937 128
27009 3 24282 17263 24779 17668 478
27010 1 1099 16491 1572 17089 55
27011 2 23992 22066 24403 22460 257
27012 3 23337 20490 23892 21034 155
27013 2 6150 1064 6555 1552 9
27014 3 23211 15149 23638 15730 291
27015 1 2538 11945 2878 12460 93
27016 1 13510 6640 13939 7179 480
27017 2 16155 17302 16706 17672 495
27018 3 10382 6855 10795 7307 324
27019 3 13721 21029 14171 21330 168
27020 3 10092 1495 10494 1881 477
27021 1 19690 17276 20261 17669 457
27022 1 5156 22041 5697 22549 271
27023 1 16707 3610 17151 4061 489
27024 3 16220 1828 16644 2163 272
27025 2 5243 7168 5836 7510 149
27026 2 9867 15814 10275 16288 186
27027 2 7409 6662 7830 7028 39
27028 3 14846 12812 15423 13117 69
27029 1 19805 6745 20296 7237 302
27030 1 20204 11658 20513 12187 337
27031 3 5267 9586 5646 10073 260
27032 2 10467 10366 11022 10948 325
27033 1 392 22723 779 23291 338
27034 2 26 2476 440 2913 70
27035 1 17515 17363 17973 17840 483
27036 1 11436 18815 11773 19301 215
27037 2 4532 21402 4962 21826 104
27038 1 19288 14322 19739 14862 104
27039 1 17462 19969 17810 20509 204
27040 3 19280 21236 19602 21681 432
27041 1 14188 5291 14560 5773 202
27042 2 8132 14722 8438 15241 225
27043 3 14501 2835 15027 3405 136
27044 1 10633 5746 11108 6153 224
27045 3 6024 20172 6552 20539 415
27046 2 6371 3085 6725 3458 340
27047 3 13711 23627 14143 24132 360
27048 2 10164 8058 10689 8646 103
27049 2 2802 6733 3240 7253 327
27050 2 12118 15940 12566 16259 405
27051 1 11255 19585 11833 20182 424
27052 2 10129 23465 10697 23819 486
27053 2 4577 21568 5112 22127 318
27054 3 524 8044 1067 8416 201
27055 1 733 5699 1292 6207 31
27056 1 14415 5867 14997 6293 143
27057 1 11094 5295 11647 5637 16
27058 3 22644 6903 22967 7491 315
27059 2 22555 9122 22933 9495 143
27060 2 5833 19377 6288 19975 17
27061 2 19757 8177 20141 8516 54
27062 1 8526 19754 9013 20127 160
27063 2 14474 17899 14919 18357 451
27064 2 21456 3204 21847 3620 456
27065 1 3650 14666 4119 14978 451
27066 1 4680 7117 5184 7451 427
27067 3 8664 17425 9040 17756 379
27068 3 8671 3635 9166 4171 382
27069 3 3609 18242 4065 18651 375
27070 3 6824 5076 7278 5640 461
27071 2 12445 4379 13022 4944 167
27072 3 573 12606 907 13197 286
27073 2 24307 2661 24881 3200 244
27074 3 16799 15976 17180 16382 20
27075 3 20501 9626 21094 9963 220
27076 1 8094 3915 8619 4470 127
27077 2 6854 21954 7403 22446 284
27078 1 13510 11558 13967 12051 234
27079 1 17384 14208 17975 14541 265
27080 2 3028 4201 3613 4553 196
27081 3 5231 14102 5564 14697 115
27082 2 9753 2108 10137 2443 363
27083 1 23681 1689 23992 2109 162
27084 2 11934 1195 12253 1551 30
27085 2 20161 10702 20578 11175 268
27086 1 18802 9984 19283 10531 374
27087 2 2218 2035 2771 2484 2
27088 3 19768 16546 20279 16879 18
27089 3 7215 11016 7700 11438 120
27090 3 5064 23259 5440 23767 308
27091 3 426 14243 955 14764 30
27092 1 14856 11731 15269 12051 13
27093 2 1192 7292 1516 7744 271
27094 2 14640 9867 15023 10394 135
27095 1 21544 23720 21989 24045 73
27096 1 3166 11545 3576 11890 350
27097 1 13129 15700 13562 16168 34
27098 2 7002 22641 7592 23042 330
27099 2 6009 17887 6496 18413 389
27100 1 14924 19892 15292 20320 493
27101 1 21815 18141 22372 18580 11
27102 2 9615 17563 10118 17938 282
27103 2 11493 18082 11804 18400 192
27104 3 10665 12619 11194 13045 457
27105 2 10772 5777 11096 6268 435
27106 1 13903 4264 14220 4638 104
27107 3 24359 1603 24692 2120 113
27108 2 8449 6555 9047 7091 245
27109 1 16623 4238 17024 4795 168
27110 2 11381 17585 11832 17987 323
27111 3 12601 3579 13103 4055 130
27112 3 2424 9223 2775 9549 317
27113 2 6665 2164 6979 2641 345
27114 2 2405 2633 2759 3122 8
27115 1 4649 13041 4949 13449 61
27116 2 6997 2627 7584 3137 253
27117 3 3351 5743 3789 6177 366
27118 2 1862 21971 2209 22372 441
27119 3 9344 22661 9925 23012 247
27120 2 8985 3595 9419 4093 294
27121 3 3286 18046 3763 18367 2
27122 1 14771 17131 15246 17577 286
27123 2 14410 9319 14969 9669 367
27124 2 16122 23134 16578 23470 356
27125 1 21352 22857 21782 23221 9
27126 1 19079 5143 19627 5657 59
27127 2 1850 12376 2226 12858 126
27128 2 21474 1156 21821 1677 399
27129 2 17243 12210 17829 12526 284
27130 1 23430 4640 23759 4941 293
27131 3 10561 20911 10895 21477 82
27132 1 19065 10956 19528 11440 304
27133 3 8007 6215 8473 6749 498
27134 1 13737 15806 14228 16395 201
27135 3 10938 4647 11315 5153 273
27136 1 13052 4850 13439 5273 390
27137 2 16345 11553 16934 12062 365
27138 1 16755 23851 17260 24349 140
27139 1 8625 13533 9003 13877 221
27140 1 12603 17351 13098 17826 288
27141 3 14687 17630 15284 17933 89
27142 3 24172 15806 24738 16375 120
27143 3 23868 8254 24354 8652 73
27144 1 21903 18404 22244 18882 496
27145 3 2113 18728 2444 19206 369
27146 1 8455 12386 8827 12726 83
27147 3 1421 7743 1992 8121 461
27148 3 16051 9965 16437 10492 157
27149 1 2187 17730 2767 18103 12
27150 2 741 19726 1301 20160 221
27151 2 19295 4451 19880 4825 64
27152 2 5370 22315 5771 22829 391
27153 3 15356 17619 15905 18031 179
27154 1 9186 16555 9722 16962 497
27155 3 24282 15795 24628 16346 243
27156 3 19328 12704 19702 13280 365
27157 2 20352 15460 20816 15919 198
27158 2 2796 18867 3187 19429 466
27159 1 11754 19106 12310 19473 386
27160 2 7057 22538 7554 22853 273
27161 3 1274 7066 1625 7536 435
27162 3 13961 18168 14539 18513 466
27163 2 933 14254 1308 14760 135
27164 2 16909 23230 17502 23763 264
27165 2 924 7574 1349 7891 55
27166 3 12400 20319 12708 20640 128
27167 3 12061 19799 12473 20305 114
27168 3 3672 16860 4008 17345 304
27169 1 12209 11161 12687 11639 162
27170 2 22274 17307 22860 17844 427
27171 1 8384 3317 8934 3830 173
27172 1 8305 23095 8714 23642 319
27173 2 2765 19237 3353 19655 490
27174 1 3322 1499 3843 2004 107
27175 3 18351 6271 18664 6863 103
27176 3 5001 17814 5447 18404 108
27177 2 14608 12500 14970 12922 42
27178 1 14505 18691 15088 19238 37
27179 2 16120 22622 16636 23030 219
27180 2 9791 17630 10219 17938 351
27181 3 19399 7215 19996 7652 391
27182 3 442 22369 884 22955 169
27183 3 14604 7338 14937 7929 258
27184 2 1904 15165 2473 15580 338
27185 1 7151 21982 7710 22282 461
27186 2 12150 9515 12634 9930 61
27187 2 16801 19804 17116 20187 367
27188 2 8342 19350 8780 19826 103
27189 2 13182 18784 13650 19370 61
27190 3 12277 1194 12736 1533 106
27191 1 12428 5422 12966 5887 480
27192 3 3357 734 3937 1093 458
27193 2 9137 18558 9499 19101 155
27194 1 2228 9487 2565 9840 394
27195 1 22518 482 22909 855 343
27196 2 24361 18305 24931 18781 93
27197 2 10380 20752 10749 21236 166
27198 1 13136 7044 13719 7466 289
27199 3 18792 19340 19282 19760 324
27200 1 7406 4513 7907 5039 324
27201 2 2647 19394 3206 19736 414
27202 2 22621 14436 23122 14973 407
27203 2 7015 13973 7399 14384 197
27204 3 14888 11714 15316 12284 134
27205 2 8032 1942 8372 2474 173
27206 2 9788 24386 10352 24826 40
27207 3 21731 23696 22274 24090 417
27208 1 10940 11623 11523 11981 141
27209 2 3222 12114 3552 12522 322
27210 3 7247 15159 7696 15499 433
27211 3 19677 19966 20219 20530 445
27212 1 14985 8581 15395 9119 214
27213 2 4646 23472 5157 24028 198
27214 3 15035 1008 15559 1396 387
27215 3 6761 16571 7153 17089 213
27216 3 18314 13447 18878 13827 80
27217 1 7014 4149 7358 4580 14
27218 2 12152 19640 12747 20173 395
27219 3 869 902 1281 1204 51
27220 3 6577 3264 7070 3770 69
27221 2 1731 18663 2136 19208 221
27222 2 24072 4382 24618 4975 150
27223 2 11169 19391 11701 19901 424
27224 2 9703 19934 10114 20414 247
27225 1 19350 707 19779 1059 323
27226 3 13477 8898 13987 9271 405
27227 3 10777 374 11172 939 15
27228 3 3627 10404 4179 10780 295
27229 2 13947 15784 14300 16161 140
27230 3 13093 19854 13603 20438 407
27231 2 1313 23784 1703 24314 433
27232 1 12827 3144 13135 3613 481
27233 2 11421 23843 11928 24237 22
27234 2 6867 7515 7250 8104 124
27235 2 6858 20766 7382 21169 279
27236 3 19640 17281 20211 17671 361
27237 1 14152 6839 14692 7178 78
27238 3 12989 2794 13498 3344 494
27239 2 3407 23933 3948 24414 25
27240 3 13724 8468 14029 8814 466
27241 1 10997 22959 11314 23546 468
27242 2 6478 3861 7071 4345 341
27243 2 16193 9077 16738 9516 495
27244 2 10984 16692 11521 17288 253
27245 1 4495 3901 4992 4315 483
27246 2 8742 7942 9189 8339 143
27247 2 21841 7661 22437 8142 341
27248 1 6900 2048 7309 2353 324
27249 3 17576 24266 17892 24583 16
27250 1 19196 13743 19628 14108 261
27251 3 250 8272 589 8815 411
27252 1 15259 7868 15823 8422 8
27253 3 3467 10726 3800 11309 104
27254 3 23722 4840 24089 5177 424
27255 1 9198 2278 9794 2589 478
27256 1 16251 22354 16780 22951 353
27257 2 40 16285 383 16595 86
27258 2 9518 9980 9837 10535 18
27259 3 5131 2353 5699 2919 252
27260 3 7545 4188 7999 4699 431
27261 3 12193 23427 12540 23897 134
27262 3 20490 3818 20899 4275 348
27263 3 13465 2530 13874 3069 272
27264 2 23141 7930 23672 8506 346
27265 3 3718 1191 4256 1638 488
27266 1 3631 15859 4143 16446 465
27267 2 20379 10563 20802 10961 301
27268 3 12594 7663 12909 8157 79
27269 3 359 15391 819 15701 110
27270 2 5330 16694 5681 17288 237
27271 2 17495 22701 18037 23210 355
27272 2 20191 23672 20762 24069 142
27273 3 18818 1648 19387 2245 186
27274 3 9420 8309 10006 8753 442
27275 1 10063 5857 10533 6239 169
27276 2 22021 13574 22470 14129 131
27277 1 19103 6328 19619 6867 52
27278 1 9720 6188 10132 6724 231
27279 1 2325 15956 2667 16402 177
27280 1 393 5852 777 6183 241
27281 3 15577 14143 16120 14570 339
27282 1 1480 13472 1923 13992 102
27283 2 23601 21430 24166 21753 214
27284 2 14629 10175 15133 10595 410
27285 3 23673 8298 23973 8775 36
27286 2 6097 11232 6615 11755 128
27287 3 500 18205 1022 18773 489
27288 2 13611 16028 13943 16381 156
27289 2 12289 9837 12846 10361 163
27290 1 2577 20363 3034 20675 265
27291 2 22073 21241 22629 21631 336
27292 2 18958 8866 19403 9347 144
27293 2 24198 3491 24584 3897 242
27294 1 22340 18667 22829 19152 279
27295 1 11027 23288 11579 23639 291
27296 1 24363 22862 24696 23310 139
27297 3 14034 19956 14416 20343 151
27298 3 20311 18292 20875 18795 423
27299 3 12482 14411 12806 14857 473
27300 3 22271 14847 22697 15189 404
27301 3 19748 23677 20276 24132 387
27302 3 23134 17696 23463 18265 227
27303 3 2138 13787 2677 14144 50
27304 2 119 12413 537 12873 9
27305 3 19648 17575 20241 18115 217
27306 1 8288 12987 8778 13462 439
27307 1 8826 15696 9233 16208 421
27308 2 16244 8593 16556 9002 87
27309 3 13633 18034 13985 18470 413
27310 1 9869 9554 10314 9924 127
27311 3 10525 10161 11027 10595 286
27312 2 21375 5104 21944 5431 213
27313 2 581 11916 940 12355 327
27314 1 18840 3884 19358 4195 242
27315 1 12304 6247 12807 6670 448
27316 1 14343 1020 14828 1362 364
27317 2 21953 23105 22450 23647 362
27318 3 9806 10072 10328 10652 195
27319 1 11833 21607 12201 22108 156
27320 2 7522 15146 8108 15447 3
27321 1 1741 12135 2144 12492 489
27322 2 3225 9230 3774 9778 331
27323 2 20225 6680 20560 7044 302
27324 1 22921 15538 23513 16037 126
27325 3 3413 10094 3773 10654 23
27326 1 9764 16397 10089 16760 326
27327 2 20998 18681 21527 19130 99
27328 3 20822 16553 21146 17018 200
27329 1 17813 11587 18403 11894 277
27330 2 1061 14255 1503 14638 308
27331 2 7427 4942 7746 5533 323
27332 3 12592 12895 13071 13320 379
27333 1 6146 905 6695 1384 34
27334 2 22366 16944 22830 17508 396
27335 2 19916 247 20470 731 288
27336 2 5090 5022 5672 5500 35
27337 1 7247 534 7699 845 242
27338 3 5937 16383 6395 16709 344
27339 3 15521 19025 15836 19411 206
27340 1 11841 4285 12202 4775 153
27341 3 2803 15810 3390 16340 95
27342 1 1188 23565 1653 24004 226
27343 1 18876 4419 19243 4975 416
27344 2 5487 4483 5904 4995 423
27345 2 958 14562 1502 15016 87
27346 1 4464 22248 4990 22601 445
27347 2 13328 12326 13824 12760 312
27348 3 17832 18750 18399 19205 462
27349 1 11832 16739 12360 17288 382
27350 3 15214 15166 15559 15760 233
27351 1 15101 22077 15651 22598 82
27352 2 14287 8557 14704 8906 351
27353 3 2446 19291 2997 19613 212
27354 2 3394 22355 3781 22906 210
27355 3 23635 7887 24211 8381 333
27356 1 21379 11470 21972 11823 284
27357 2 20743 22324 21316 22770 394
27358 2 7172 14099 7676 14486 66
27359 2 7813 8962 8192 9354 429
27360 3 14307 19928 14789 20246 98
27361 1 19052 11417 19629 11902 95
27362 3 9217 10280 9647 10730 496
27363 1 17443 20577 17812 20892 284
27364 3 9938 7052 10513 7362 321
27365 2 15664 3265 16174 3676 141
27366 1 1513 11013 1891 11328 340
27367 1 21170 12747 21568 13215 27
27368 2 17338 12912 17925 13240 461
27369 1 13185 6429 13651 6903 131
27370 3 16379 5913 16803 6354 95
27371 3 20842 22262 21257 22846 77
27372 3 8863 5279 9254 5737 308
27373 1 13841 24089 14378 24397 437
27374 1 8695 22889 9046 23243 100
27375 3 3583 19067 4179 19642 74
27376 3 3601 11053 3962 11407 194
27377 1 6476 24061 6902 24429 358
27378 3 9210 16560 9526 16951 321
27379 1 16113 10896 16438 11302 291
27380 1 7101 7254 7642 7581 35
27381 3 15179 23304 15642 23791 118
27382 1 8384 19911 8704 20326 193
27383 1 2121 5934 2645 6332 113
27384 2 21580 12417 21982 12787 16
27385 1 2811 5077 3168 5505 159
27386 2 23064 7807 23626 8337 493
27387 3 10182 18308 10628 18711 113
27388 3 19699 9556 20266 9930 261
27389 2 20555 747 21144 1187 464
27390 2 12276 10755 12640 11094 177
27391 3 2120 1463 2623 1824 439
27392 3 11653 12454 11954 12840 256
27393 3 7867 17680 8355 18188 258
27394 2 13489 9861 13938 10232 23
27395 3 6024 4058 6428 4586 220
27396 2 224 7691 677 8199 49
27397 3 20287 15682 20811 16203 325
27398 2 11282 8801 11810 9157 87
27399 3 9445 14672 9886 15135 326
27400 3 5751 11842 6109 12342 383
27401 3 14136 18954 14487 19429 446
27402 1 7679 14183 8243 14624 275
27403 2 8065 3756 8528 4133 199
27404 3 18610 22094 19179 22564 323
27405 3 16397 21159 16810 21554 476
27406 3 16889 20246 17281 20685 56
27407 2 3413 6803 4005 7168 31
27408 1 7365 22236 7919 22786 84
27409 2 2459 22971 2900 23299 361
27410 1 12224 5304 12559 5796 77
27411 2 9176 19477 9702 19954 401
27412 1 19288 12749 19674 13131 456
27413 1 11377 4459 11964 5058 205
27414 3 23248 13317 23567 13644 261
27415 2 4289 20127 4817 20463 366
27416 3 21498 13590 21865 14018 316
27417 2 10595 22517 11068 23000 306
27418 1 23156 6649 23581 7164 474
27419 2 18182 3426 18771 3750 101
27420 1 15079 5264 15621 5605 400
27421 1 11986 23775 12521 24187 131
27422 3 12347 3897 12716 4301 3
27423 1 24205 11862 24662 12449 122
27424 3 15861 8000 16181 8378 201
27425 3 3758 1354 4291 1689 194
27426 2 16437 18120 16829 18601 261
27427 1 421 16087 790 16490 12
27428 3 5114 13398 5619 13750 308
27429 2 21121 453 21489 991 295
27430 3 15396 24356 15815 24933 315
27431 3 9494 11928 9838 12440 286
27432 1 11571 15218 11935 15650 396
27433 3 11221 12443 11526 12775 191
27434 1 14590 8818 15132 9325 330
27435 2 13567 20575 14099 20978 72
27436 2 69 13244 595 13699 5
27437 1 21795 9097 22133 9686 216
27438 3 17061 17094 17422 17584 402
27439 2 14101 17732 14483 18201 485
27440 1 13832 12361 14267 12944 397
27441 3 17678 2881 18241 3299 342
27442 3 20247 14977 20761 15542 446
27443 3 13849 17604 14365 18059 218
27444 1 9990 9280 10485 9640 354
27445 2 15224 6451 15782 6886 104
27446 2 23586 24234 24159 24750 110
27447 2 17324 17565 17901 18099 248
27448 1 7937 20112 8281 20559 368
27449 1 23055 877 23552 1218 173
27450 2 2614 23418 3140 23931 131
27451 3 982 6527 1494 7111 487
27452 1 14008 2124 14473 2616 358
27453 3 15294 11164 15758 11600 179
27454 2 23887 14641 24249 15036 133
27455 1 11603 6733 11993 7131 183
27456 1 317 20055 749 20641 320
27457 2 20760 20364 21152 20764 129
27458 3 837 1826 1284 2324 341
27459 2 9058 10624 9532 11155 8
27460 2 8895 13217 9388 13545 266
27461 3 9120 4885 9644 5393 173
27462 3 2323 21215 2722 21723 289
27463 3 600 7776 1079 8110 490
27464 2 4915 770 5242 1256 77
27465 2 21307 22817 21644 23135 461
27466 1 2766 5167 3191 5614 333
27467 3 3514 1754 4045 2150 326
27468 2 11839 16986 12433 17497 97
27469 1 4317 2801 4650 3267 480
27470 2 1526 14935 1834 15299 330
27471 2 21800 21395 22287 21761 218
27472 2 6367 6335 6726 6905 134
27473 1 19328 11565 19777 11994 299
27474 3 2062 14572 2624 15026 387
27475 2 15051 10792 15416 11142 82
27476 3 13378 3834 13780 4282 407
27477 3 6442 3672 6787 4254 109
27478 3 22480 3329 23078 3720 17
27479 1 18911 5227 19216 5586 260
27480 3 11568 12503 12116 12807 299
27481 2 24305 10407 24665 10943 238
27482 3 15376 22254 15747 22842 219
27483 1 1654 19883 1960 20265 96
27484 3 13906 19742 14349 20055 182
27485 2 13362 13588 13720 13921 444
27486 2 15643 23833 16051 24370 162
27487 2 7048 2596 7498 3066 455
27488 2 2198 3657 2641 4102 19
27489 3 23469 905 23787 1303 348
27490 1 1444 13945 1805 14493 345
27491 1 10059 4605 10371 4954 206
27492 1 10371 18258 10803 18657 175
27493 3 7010 15478 7464 15876 209
27494 1 17755 19572 18094 19897 316
27495 3 20837 15744 21321 16280 83
27496 2 21070 9209 21400 9552 405
27497 3 16386 20492 16751 21039 147
27498 2 22918 1960 23389 2290 461
27499 3 163 4443 564 5028 25
27500 1 6887 11588 7403 11937 151
