51441
51458
50574
53035
53806
51013
54993
53508
52246
53029
50228
53943
54459
53202
52239
50278
53263
52885
54727
53012
52594
53662
53878
51153
51828
52086
54822
54957
51662
52471
51885
52020
53696
53575
54366
52066
51391
53592
53846
50637
54548
52914
50478
51405
50005
52588
52855
54304
54067
50832
52543
53933
51544
50347
51946
50734
50734
50900
50496
50040
53296
52311
53092
51766
52342
50710
50322
50235
50010
52740
53375
53602
50983
51056
51736
52407
50987
50306
50846
54763
51812
50882
54382
51119
52489
51692
54785
53280
53547
50216
50403
54971
54754
50684
54427
53202
50228
50353
52648
52774
51935
51915
54081
52151
53002
53733
54665
53106
52231
54646
50981
52507
52471
50045
50872
52840
51889
50912
54035
54626
50799
50757
50329
53769
53758
51313
53975
53449
52595
52881
53773
53859
52574
50901
51536
51207
50316
51009
54930
53213
51493
53835
54511
50561
54532
53287
50344
51478
52522
53641
54560
51084
53911
54352
52444
51730
51066
50070
51427
54574
53769
52915
52113
50282
54837
52004
54462
51658
51682
53360
52000
50003
54160
50801
53189
54770
50575
52853
54884
54830
54030
51782
52827
50424
51850
53850
52167
54573
53947
54225
50419
53050
54837
54733
52887
51358
54393
53571
53131
53961
51877
52564
52401
50519
54404
52058
51855
53120
54818
52025
50760
50900
52292
53356
53887
53521
54060
50882
51505
54925
50127
54869
53514
53197
53129
52062
50068
51471
51972
51096
52370
53974
53299
52874
50658
51971
54935
53406
53674
52711
53236
54020
54413
53362
52000
50087
52652
51330
51423
50872
51460
53618
51557
52674
53916
54513
52613
53912
53738
52646
53423
53172
50414
54379
50603
52936
53923
51063
52931
52872
53609
52221
54507
53721
50925
52974
54461
53437
53419
50818
53303
54080
52921
53251
53597
53031
51303
53335
53076
53686
51754
52525
54489
51529
51635
53213
50279
51517
50113
50015
50521
51898
51648
50967
51473
54672
52739
52532
53977
53821
54529
51741
51197
51107
51271
50834
54882
51679
54506
50616
52521
52111
50176
51220
50907
50429
50893
54620
50645
52920
53273
53451
52513
53107
52344
50577
53914
50154
54011
53317
54173
54145
50660
52688
53158
52339
54191
50947
50064
54278
54253
50922
54896
54975
50423
50323
50488
50612
53086
53509
54684
51693
52044
50360
53806
50216
51599
50262
50382
51736
52896
51226
50709
52133
50649
50255
52080
53919
52190
52248
51472
53542
50977
50136
54902
51961
50670
51210
53793
52206
51787
50431
52844
54519
52684
53108
50347
53698
51712
50938
51431
51354
50507
51671
53757
51173
52852
50184
50358
50097
52597
54999
50553
54003
50529
52676
52701
51735
50698
53078
52211
51484
53314
50819
54432
54548
52499
50773
52996
52167
54604
53327
54558
53786
50885
50647
54043
51368
52658
51621
54192
54993
51875
54093
52014
52428
51532
52227
51692
50937
53047
53200
54723
53759
52917
51696
53936
52712
52848
53506
51592
51236
50956
51945
50691
53750
50048
53954
53673
53169
50919
51622
51490
53343
51034
50029
52939
52556
52086
53792
50105
54063
53019
52545
53467
54009
53416
50416
52692
53688
50120
51205
54424
53155
51317
51871
53647
54756
51766
50624
52076
51967
51168
52944
52149
52011
52797
53584
51979
53205
51398
51596
53608
53483
51017
52297
52095
50542
54665
51449
51429
53809
53990
53109
53832
51773
50384
51747
50201
54367
52344
53279
50094
51349
51910
54912
54275
50599
54834
50356
51719
53959
54801
53227
51485
52389
51746
53458
52904
52712
52869
53536
52398
53624
52655
54688
53949
54635
50480
50707
51169
54941
52499
53067
50397
52379
53699
53864
52605
53952
53237
50382
51449
52738
53066
52657
52188
53832
53242
54401
54462
53955
53147
54271
53717
53601
50744
50512
53880
52919
52601
53425
50012
53645
54863
50685
54647
51083
53856
50961
54233
53816
50465
52825
52011
51732
52070
50613
50665
54491
53144
52606
51542
50320
50186
52822
50852
50271
53794
53713
52766
52645
53496
54366
54205
54453
54233
53809
53917
51032
53334
52864
54234
54291
53199
53659
52213
54306
54230
50677
50841
53303
52083
54407
50126
54132
54288
52682
54976
54071
54554
53366
50567
54889
50924
50517
52641
54048
53611
54038
52756
50664
50537
53089
51823
54288
51042
52547
51147
53087
53405
52077
51446
53740
52658
50099
52160
53798
52315
52711
54136
53770
54484
50682
54174
52722
54501
50523
51496
51653
54030
51980
50277
54967
51511
50765
50186
53135
51962
52885
50347
53821
54441
52891
54385
50948
54205
52257
52945
54070
52389
51052
51162
54192
54381
51928
53310
53277
51381
51265
51805
53630
53890
53736
52736
51701
52045
53696
53696
53353
52325
54494
54606
52218
51011
50996
53249
53683
52724
52013
50751
51385
53329
53813
54173
52693
54847
54811
53360
52448
51036
50881
54435
50079
54317
54434
53590
51409
50130
50015
53401
53458
52965
51315
54426
53758
50068
51215
54875
54609
54681
53078
54936
53780
51339
54812
50030
52348
53451
51597
51060
50647
54255
50268
52977
53122
54445
51585
52330
51146
51566
53487
54145
51449
51043
51775
50343
52297
52693
53400
52135
50205
51589
50171
53527
51363
54523
54212
50488
52755
51655
51458
52781
50350
50143
52275
50431
54279
53721
54664
54383
50880
51972
50752
50892
51930
54091
54441
53323
54805
54253
54847
50971
50456
51317
50903
53799
52498
50628
53132
52222
52981
54632
54230
54905
52870
52725
50873
50088
53857
53163
50855
52146
53032
52947
51038
50770
51329
53941
54525
54051
53875
51431
54315
54571
51548
54171
50251
53457
52150
51178
50811
53499
51852
52589
51350
52847
51152
52282
53257
50143
51114
52463
53718
51594
54993
52718
52670
54807
51111
53437
52299
50881
51843
52260
54798
53596
53116
51195
51958
52661
53316
54966
54831
54117
50277
52218
54807
52076
50921
52352
52266
50727
54421
54086
50101
53557
51621
52856
51258
53045
53636
54574
52723
52964
53026
50700
50832
51841
53170
54914
52532
52705
53375
52382
50168
50519
50972
54435
52732
53941
50501
53772
53861
50781
54974
54766
54817
54240
51828
53856
52371
53759
53104
53302
51952
54491
53579
50846
50871
50651
51724
53144
51916
54110
52319
50642
54731
51440
50173
51984
51126
50800
53737
53782
51713
50231
53473
52045
50494
50407
54378
51414
52794
52419
54643
54473
53429
53445
53976
52882
53686
50265
52957
51548
53917
53671
51143
53605
53217
53895
50127
54335
50852
52744
51202
51825
53351
53371
52713
53631
54138
51805
53084
50152
54134
50447
54173
50716
52706
53227
50496
52860
51595
53785
54360
53280
54243
51657
53465
52067
53624
53146
54180
53435
53762
50020
54970
50856
50837
51895
54411
50860
52092
52766
52459
50822
51488
52281
53755
52681
50895
52156
53393
52962
52655
51617
50738
52526
54595
54298
50251
53399
54188
53977
53138
51852
53351
53194
52472
51562
50358
54743
50176
54487
54933
51256
54883
52406
52220
50812
54700
51419
50224
54762
52197
54730
52177
51198
51219
52118
50637
50560
52075
51137
50159
53196
50101
51846
53969
53323
53167
52359
52152
53785
53487
54933
50725
50150
50596
53402
53574
50068
50055
54629
53145
54178
52123
54624
52110
50046
51662
54124
52894
54365
50765
51400
51058
51204
53223
50693
54251
54873
54293
51253
54556
52122
50795
52502
53054
53592
52416
54464
54851
50150
54599
52642
52396
52985
53916
51403
52106
53466
52177
50268
51843
54520
53901
54202
50749
52311
54276
52756
54947
52987
50855
54768
53111
51019
53844
53464
53909
50907
52313
51686
54973
50302
52113
52159
52711
50861
53952
53279
52073
51461
51149
50834
53794
51080
53014
50861
50301
54311
51010
53393
53280
51918
54237
51736
52817
52703
52604
50712
51832
52263
54645
53108
51190
50114
50246
51265
53886
53364
54894
53675
54468
50197
53324
51252
53381
50207
50227
54563
53762
53795
52704
53226
53128
51681
52888
50053
52717
50137
51167
51816
51124
51373
54928
54734
54910
53943
50570
53799
53909
51009
54589
53821
54607
54392
52610
50268
53335
50224
53303
50493
52300
53333
52339
53925
52265
51398
50175
50966
52784
52994
52021
52358
50023
54352
50801
52909
51103
52632
53544
51256
52172
52513
51195
54312
51325
53708
54163
53086
54874
53288
50423
54752
51452
53951
54069
53986
54904
54293
50037
54797
51400
53309
50435
53821
53341
54091
51819
51046
51595
52575
53993
54106
51055
50435
52306
51595
52605
52866
53650
50168
53321
51017
52928
51424
51636
54633
50551
53375
52634
50918
53740
51750
53074
51922
54191
52602
54798
50147
54028
51720
54239
53197
51879
50634
50321
53186
52922
54205
51671
52706
51713
50573
52637
53674
51275
51515
54370
50384
54196
53841
50885
52437
53113
54790
52109
51128
53593
54179
51130
51976
54910
54144
51555
53362
54463
52649
51718
54564
50794
52255
50856
52050
54586
52384
53718
54978
51969
52931
53261
53150
53385
50488
53504
52556
51096
54252
50037
51508
52039
54428
52034
50020
52702
53986
51839
55000
51426
53181
52005
53179
51819
52327
50663
50283
52237
54152
53831
52443
54951
54009
53767
52618
54974
52405
51199
53882
52379
51655
52006
53834
53253
50204
50225
52087
54880
54793
52194
52834
54776
51733
53421
51217
50487
52734
51508
52391
54153
53058
53003
54360
53111
54042
54397
52890
52642
50639
50571
54489
51897
51567
51811
53820
50859
52138
53033
54872
54743
54485
52850
51633
50611
50022
50576
50761
51345
51939
51555
53386
54419
50228
54554
53533
50760
50724
50122
53297
50584
50822
52023
50375
52365
52438
54826
54342
52454
53423
53578
51223
54240
52988
50807
54275
51329
51587
51558
54305
53039
50020
50551
51440
54457
50763
54583
51639
54332
50463
54852
54809
53895
53499
54777
53678
52053
54138
53401
54622
53132
50066
52297
53761
52165
54087
51975
51452
51005
51284
54851
51249
50311
53675
51970
51978
54111
54069
53893
50097
54607
53777
51309
51433
54079
50652
54183
52844
52397
51399
53912
50908
54796
50354
52583
53433
50832
52541
53635
54082
53285
53898
52740
52456
51502
51604
52126
51442
50212
52881
53166
52984
51681
53913
53343
52598
53696
54103
53585
50429
54820
50538
54889
54829
51281
54543
50164
51832
51097
52752
54263
54833
52161
52172
54452
50281
53557
53491
54710
50893
53357
54979
54098
53572
53982
52877
54925
51846
52360
50788
51151
50768
51243
51531
53008
51868
50450
53872
54309
50523
52398
54687
50263
53231
54268
50489
50682
53817
53891
54541
52442
50770
51873
50769
51548
53466
51524
50311
53532
50980
50739
51093
53960
54583
51148
53943
53443
50661
52191
53397
52931
54175
53140
53131
52314
52257
51250
54263
54163
53630
52527
54752
51998
53073
50810
50116
52390
54415
53316
50657
51651
51135
51421
52706
53204
53408
50864
50366
54096
50150
53591
54427
54694
52450
52417
54301
51248
50218
53661
53993
50540
53009
54074
54280
52243
54518
53572
53221
53776
52980
54117
53585
51093
53207
53066
53877
52271
52263
54760
53013
53175
51578
54067
53631
51360
51516
51635
53946
54174
50686
53509
53229
53848
53058
51164
50347
52564
50678
52028
51477
54165
53207
52336
50108
51763
53312
50050
53445
54580
50388
53754
53361
51445
52645
53454
51118
53245
50839
50253
50667
53250
50222
50496
50563
53080
52228
54282
52838
52019
52066
51660
52381
54243
51362
50153
52262
54711
51288
50156
53238
51208
52265
53865
52198
53781
50585
51604
54861
53398
51038
54159
54905
52272
50564
52696
54693
51894
50147
52551
50006
50231
54216
54852
52308
50880
50068
50270
54974
50785
53128
54666
53684
51521
51899
50636
52196
54176
50242
51436
50261
53889
54056
52330
53786
51713
53952
50014
52959
54963
51511
51001
54625
53527
52498
53849
50603
50973
51126
51800
53854
54882
53329
54271
54061
50483
51977
51626
51112
51501
53896
52974
50689
52972
53572
50144
50676
50565
54570
50721
54350
54360
54927
54137
53252
54032
52815
52286
51985
53365
50698
54429
51289
54355
54728
54136
53186
51738
53398
52784
50928
51807
52607
54409
50871
51059
54972
54029
54360
50638
53979
50795
52799
50090
50388
54690
52551
52189
54369
51807
52424
54463
54628
54358
53384
50415
52869
51870
53487
54915
53863
54042
53758
53430
51117
50536
51420
52652
54606
52170
53992
52263
51988
52703
51181
50722
53025
52464
54477
50678
53866
50642
52816
52476
50408
54655
54113
54281
50680
51656
50757
50848
54055
54047
52420
52098
51799
54674
54738
53975
52460
54955
52008
54202
54772
52558
50790
50820
51267
50022
51524
50496
52493
54018
51728
52556
50098
50532
51121
54249
54758
50200
50424
53282
51401
54225
51315
50226
50137
52060
52233
54063
50092
52001
53787
52647
51880
53772
50306
51765
50728
54135
50299
54614
51862
52786
54157
50081
50602
53159
52050
53042
54908
50497
52587
52103
51715
54471
54210
50045
50892
53517
52904
51688
51295
50365
53788
50652
52515
53873
54867
52744
50350
52372
50697
51747
54737
53273
53122
54967
50642
52520
51020
52614
50722
54683
53351
51330
52630
53858
50259
53555
53564
54818
54915
52385
52974
50720
54845
52907
50869
53001
51280
51172
54177
51366
51992
50344
54532
50074
54544
54583
51217
52127
54157
52926
51727
53567
52392
52646
53499
51111
54386
54538
50948
52809
51653
51205
50727
54152
50259
52951
54630
53471
51748
52642
51600
51873
53938
51733
50117
50707
54300
50242
53870
52789
53980
51927
50684
53036
50038
53917
51235
51593
54436
50838
51312
54375
50606
50422
54709
52693
53326
54587
51911
52303
54685
54505
50308
51081
51475
50336
53921
50498
54045
52572
53713
50973
53758
52273
54240
54897
54809
52755
51806
50289
52158
54709
50279
52886
53620
52742
53210
50129
52351
50582
50825
50912
54666
52528
52147
52293
51273
53422
50629
54751
51717
52668
53991
53210
50096
54247
54611
54097
53201
54189
52843
54012
53966
53083
54816
54028
51166
51705
54814
52965
54353
51148
51187
53251
54978
51844
50673
52585
51693
54052
53840
52100
54231
53454
50244
53586
53447
50703
51633
50556
53105
51920
54837
50873
53775
50467
50771
54699
50060
50386
52043
53883
50748
50089
53296
52071
53255
51685
53445
51838
52725
50860
52425
54020
54337
54910
52633
50058
54187
50368
52395
53709
54916
51768
53927
53577
54199
54722
51396
54488
51692
52088
51903
54228
50776
51073
51164
52885
53659
54996
52331
50092
52130
54262
51044
54971
54813
51332
51379
54975
53625
54674
54659
54243
53434
52839
53176
53033
50471
52044
52248
51259
52342
52687
53598
52994
50137
50538
53700
50610
50918
52508
51891
54331
51314
50715
52422
52880
51620
53647
54521
50762
53025
52487
50868
52028
50381
52134
51386
53638
54110
53728
51420
52719
52457
52549
52854
54440
50830
51568
51758
51361
53523
54907
50544
51329
50715
53019
54277
50544
50857
54103
51466
52878
54646
52997
53849
53839
53752
54692
50914
51235
50221
53257
52932
53092
51930
51678
54545
53365
53747
53204
51166
54762
53337
51314
54046
52945
52447
53056
53233
51870
53748
54726
53294
50635
53080
52704
54530
54358
51131
50793
51593
53349
53788
52118
54082
52000
52033
51784
53637
52410
51329
50750
52594
53531
53708
53485
54586
54933
54248
50780
53212
51923
50271
51371
50289
54536
50601
53134
52223
52162
52337
54079
50537
53747
50761
54573
54401
54798
52299
54243
50683
52725
52536
52919
51148
53865
52368
50019
54965
52551
51110
50325
54766
52481
52807
51154
50709
52223
54725
50083
54103
52568
54357
53530
52038
53294
52367
53290
52624
52355
54191
50891
53097
50185
54709
54167
52735
53738
52057
54467
54963
52492
52356
50422
50321
51026
50232
53187
50548
54594
52506
50565
53599
52196
53293
53552
50771
52592
54266
54723
52719
50821
53025
54264
53976
50640
50514
51893
53749
51112
50177
53618
53562
50421
53405
52410
50230
50499
50973
54444
54712
50508
51875
50093
50978
50416
53498
52501
50169
51729
53122
52671
51680
53995
52904
52845
53391
52715
51128
53142
52415
50904
54105
53181
50444
53395
53408
53052
53242
52193
50247
53423
