1 52767 11057 24261
2 52960 28977 958
3 51430 42030 21644
4 53860 41705 24689
5 51337 46978 10075
6 52419 14917 18516
7 53232 4849 269
8 53382 14042 25485
9 54311 25203 24425
10 54464 45224 29129
11 51858 24970 25638
12 53208 29844 41144
13 53521 25821 48600
14 50853 12040 4997
15 53054 27024 37918
16 53952 39359 26251
17 53813 46250 20060
18 53370 11911 29090
19 54229 22023 4284
20 53908 39687 10675
21 53713 39200 13422
22 50809 32342 23442
23 54018 35216 16998
24 52923 3181 22545
25 50175 22073 23080
26 54669 34498 10696
27 54506 41918 42999
28 51785 17708 14778
29 54356 10003 13062
30 51407 20971 19329
31 51139 1218 16490
32 54710 6593 29871
33 54863 34011 31276
34 54099 15057 45319
35 53238 35249 45252
36 52210 41418 14653
37 53633 26679 43243
38 53041 17512 9047
39 50370 38014 30503
40 54139 48573 8299
41 51607 32876 21171
42 54278 14194 11395
43 54222 29358 17861
44 52177 35532 22213
45 52319 30759 10794
46 54673 32503 11970
47 51064 40768 25250
48 54561 1952 34514
49 50300 1087 48386
50 52473 7202 30899
51 50346 39933 4533
52 51930 12594 43757
53 53378 26282 8443
54 52047 31963 21153
55 51377 31420 14438
56 53470 3677 17934
57 53216 9807 28963
58 54352 22007 4524
59 50326 31593 44950
60 50418 26460 7036
61 50505 22555 37771
62 54260 8116 19560
63 50495 7258 41997
64 50491 29254 10029
65 53653 1029 37978
66 52771 21744 46357
67 51712 24571 36691
68 51698 3415 11020
69 53299 21035 19269
70 53319 33548 20049
71 52147 30338 26664
72 51063 48300 27045
73 54487 41157 16020
74 52264 2784 25284
75 53494 38269 28844
76 53591 30741 23461
77 50729 6310 38411
78 53755 9886 19418
79 50304 45747 13332
80 50632 36320 48241
81 52672 42016 39588
82 53668 38041 26975
83 50679 18378 17780
84 53887 37995 8345
85 52397 39155 14542
86 52413 12150 1493
87 53408 11270 21515
88 53064 18552 12437
89 54413 42123 18934
90 51800 8411 4850
91 53055 46470 6086
92 53676 965 27402
93 52858 2041 28887
94 50384 20284 47179
95 51752 36547 24571
96 50066 1749 7653
97 52174 26957 30663
98 50273 9238 2981
99 52414 43403 35954
100 50192 25266 18988
101 51813 23131 44141
102 54740 10394 12793
103 53756 47482 37151
104 51532 11934 1846
105 52277 31782 6492
106 50341 18321 14356
107 52674 34480 35593
108 52352 31967 20751
109 50772 41399 45796
110 50498 9161 31874
111 51240 11057 11973
112 51523 12657 28186
113 54976 43008 42049
114 54549 22846 174
115 54831 20696 6799
116 52627 43944 11702
117 54396 48596 24753
118 52945 33134 5274
119 52402 34212 39370
120 50554 11336 7494
121 53279 11975 12009
122 50713 47524 18411
123 51073 25138 15147
124 52982 28888 23872
125 52586 9564 26063
126 54363 34818 46981
127 53498 4271 20058
128 51458 3615 30976
129 53642 16392 18415
130 53119 46409 43102
131 52715 46494 40905
132 51693 3913 39166
133 54665 45933 34026
134 54008 35075 14969
135 54890 13110 9624
136 54882 20678 12473
137 54602 27182 330
138 54628 18895 38942
139 52317 16889 28473
140 52071 26944 9333
141 54616 39879 45375
142 52947 22450 36992
143 54923 28826 20904
144 54830 4061 23333
145 52336 12675 32617
146 51407 5838 19359
147 54177 34346 30662
148 50347 2683 2524
149 51427 44419 13966
150 53386 37436 7481
151 51182 36861 35025
152 53493 14042 37972
153 51916 35291 1054
154 54247 12563 24922
155 54808 47497 3863
156 54877 35887 35172
157 50589 19696 2410
158 52589 36761 14370
159 53722 3185 41478
160 51981 10219 34787
161 51251 22115 8671
162 52561 7685 48582
163 53383 18483 34865
164 53141 12570 19838
165 50052 39889 10635
166 52397 39723 17212
167 51957 47593 42034
168 52163 38604 40299
169 54118 16254 35457
170 51282 27118 31992
171 54994 3231 40048
172 53990 42143 34014
173 52759 30023 31227
174 52598 36423 27346
175 54013 19941 20050
176 50275 6585 41697
177 52355 10812 30099
178 51129 32991 16276
179 51932 14994 32188
180 51131 36674 10066
181 51041 9019 41781
182 51946 27620 45108
183 54332 15771 33130
184 51743 46274 44034
185 50510 34252 34018
186 54627 29014 6778
187 53971 11958 40833
188 51607 16485 44139
189 50144 15542 24787
190 54640 13390 10266
191 52153 35960 2964
192 51897 16937 28018
193 52514 12868 41279
194 54639 19396 37064
195 53632 1131 34375
196 54184 26480 19431
197 54483 42863 42977
198 50404 29830 36606
199 51299 40297 6653
200 50695 33310 27291
201 54323 47874 30200
202 52094 31733 24880
203 54139 30700 19021
204 54283 23225 3545
205 52362 18092 40724
206 50256 46243 45333
207 54743 47509 24090
208 50178 5434 35190
209 53446 40110 416
210 51909 34205 21821
211 52499 6811 283
212 50810 10121 17944
213 51276 40739 32032
214 51802 26640 29610
215 51274 13457 15722
216 52262 47503 38127
217 50683 12914 10875
218 54614 28454 25837
219 50526 24899 22833
220 50051 13882 2916
221 53022 36181 33850
222 53690 47435 6416
223 54650 18927 40051
224 53162 21509 27618
225 53913 10609 44085
226 51810 8327 34865
227 54673 46014 1269
228 54041 28294 17276
229 51114 18203 8192
230 52612 15936 17326
231 53783 35411 32498
232 52366 32247 22475
233 52607 3941 18990
234 54263 24679 26893
235 50972 30774 15250
236 54593 20105 41183
237 54734 14899 30932
238 52273 10899 39411
239 53994 27504 16293
240 52436 46491 23655
241 54750 34018 41814
242 53711 22244 1354
243 50054 31278 15569
244 52381 22804 21650
245 52550 34021 37014
246 53964 2451 11606
247 50722 17256 11954
248 51729 38245 14968
249 50243 35337 43354
250 54323 28648 26654
251 52290 16318 24674
252 54176 19398 27498
253 52245 34431 40988
254 50814 23146 31415
255 52982 31064 34111
256 50780 18164 43278
257 53594 31932 34244
258 51405 5172 40703
259 51372 43223 14451
260 51699 38155 30834
261 53602 8376 25211
262 52024 44865 16391
263 54435 6330 30522
264 52423 14596 44016
265 53385 47042 3110
266 53244 27555 31134
267 53289 22030 26265
268 50560 43536 4029
269 54150 42525 34147
270 51941 24228 25690
271 50106 43469 34336
272 51853 26516 60
273 54334 47672 28601
274 54114 47384 16792
275 54733 40598 8632
276 51434 3238 10182
277 50824 33274 43469
278 51174 21976 10604
279 50478 12698 10978
280 53961 29744 33228
281 53243 1757 25885
282 53593 24264 38640
283 50630 23992 43994
284 51648 19408 14243
285 51300 37329 17623
286 53606 2891 46374
287 52811 9934 10910
288 53726 36502 41114
289 50731 16428 19649
290 52472 36097 21035
291 50452 29977 30114
292 52622 43020 47857
293 54796 30901 13273
294 54684 21414 2783
295 52066 4151 29350
296 53950 1184 15104
297 50534 10665 19936
298 53348 45347 21406
299 50699 22046 18456
300 50768 20391 24517
301 51132 48666 36626
302 50869 26029 33710
303 54166 43962 29858
304 53778 13798 9551
305 51958 44119 37518
306 51630 38737 44086
307 52042 8284 29255
308 54946 41899 12110
309 50262 17141 24958
310 52157 24019 6065
311 50819 19178 17317
312 53470 12640 33265
313 54518 14325 10746
314 50456 31851 18331
315 53637 10914 46054
316 52405 37899 27778
317 52217 46802 19786
318 51448 8619 15725
319 51542 28811 38387
320 53158 22903 15082
321 52996 2593 16559
322 52011 17177 26569
323 51603 32575 3609
324 53316 7139 1367
325 54223 25969 17551
326 51059 21311 40374
327 53202 48589 11442
328 54487 9657 39241
329 54755 38099 20633
330 54728 15162 36348
331 50178 510 32383
332 54476 46669 25164
333 50808 24957 15761
334 50899 33546 27607
335 54247 31636 5201
336 54625 6491 3125
337 54859 3194 34526
338 52957 48010 40016
339 54511 12284 17740
340 50695 4845 35082
341 51477 6219 32389
342 52318 15651 6907
343 50311 12289 44
344 50245 35062 11339
345 51744 13859 12936
346 53757 13100 5008
347 54786 18191 9620
348 50493 26744 11311
349 51493 24602 14750
350 50559 40975 13587
351 51814 17593 9538
352 54891 6349 1058
353 51658 37512 721
354 52408 10043 28998
355 50043 32257 15707
356 52151 30405 6821
357 54957 20245 33364
358 50520 1589 40146
359 52304 33283 16220
360 51491 8201 22709
361 54076 27266 46500
362 51689 23866 13839
363 52079 41347 14806
364 52941 6194 29745
365 50731 47024 21877
366 52816 29890 44994
367 50138 1439 32748
368 50160 10063 43591
369 53447 18827 26585
370 54732 21477 39963
371 54121 4555 13804
372 50807 32688 33314
373 51548 3636 9968
374 53146 7101 12911
375 52597 30405 1560
376 51958 38777 1424
377 54081 35124 6058
378 54032 41353 31369
379 50176 11087 25572
380 52601 21158 35538
381 53880 41253 23852
382 54727 2388 20284
383 54518 21702 38964
384 51633 28136 33601
385 52145 38065 38299
386 50144 15216 47515
387 53561 7379 2469
388 54493 28143 8619
389 50126 8100 20666
390 53473 1334 48720
391 53221 47206 5502
392 51321 21156 27821
393 51701 45560 7863
394 52773 1431 21996
395 52222 24523 30881
396 51217 32210 46646
397 53168 35831 5923
398 54016 45456 25744
399 50009 36267 3714
400 51388 5323 23600
401 52888 24978 47116
402 52292 22024 27586
403 53641 46096 13648
404 53520 17027 8692
405 50280 8778 11156
406 52650 19253 25916
407 51831 40668 48371
408 53963 29909 34748
409 52328 6804 23506
410 52785 12815 37492
411 50533 17372 27041
412 54060 40794 11583
413 50853 2390 32427
414 50746 48513 27604
415 53824 23247 37322
416 50275 32106 18999
417 52367 14232 15941
418 51408 17164 45587
419 50529 29685 15167
420 52101 28894 38212
421 53018 48267 25080
422 50087 26713 3996
423 50727 321 3717
424 53469 29504 34791
425 52857 27253 44218
426 50164 348 34791
427 54346 6970 28716
428 50173 32055 29756
429 53083 2621 28279
430 52663 42765 34253
431 51953 29962 36744
432 52185 9007 23803
433 54425 10142 24491
434 54143 46768 43042
435 50510 36361 30792
436 54597 37394 8171
437 51855 41121 3281
438 54903 10324 22194
439 51167 45227 7669
440 54705 47154 38844
441 53532 11486 6027
442 54842 16056 44942
443 54096 44494 38991
444 54493 13675 44815
445 50038 5904 14182
446 50270 22518 39734
447 52410 14927 15455
448 50586 22087 8718
449 54220 42495 46260
450 51381 36242 23056
451 54221 39565 39333
452 51555 3351 30076
453 53623 30469 19795
454 52631 48573 30567
455 52427 27358 4756
456 54253 43872 45830
457 53198 41317 2705
458 50991 36629 44295
459 51914 30256 16371
460 52615 47481 16604
461 53989 45540 35155
462 51460 16539 46367
463 54983 12020 6675
464 53535 8311 11009
465 54110 25822 48430
466 53285 10516 3390
467 52134 34775 30047
468 54168 17108 17531
469 53930 46362 36280
470 51182 44040 46967
471 53631 34516 28331
472 53329 46736 11679
473 53986 14380 44576
474 54096 31279 9972
475 54884 18160 5554
476 52899 3573 2375
477 50517 1812 46845
478 50409 47366 44960
479 50161 18526 44388
480 52893 22420 23297
481 53231 35153 15666
482 51225 30632 13469
483 53578 44917 14300
484 51927 22674 38359
485 50095 11450 28278
486 50958 35243 1971
487 50009 33719 35781
488 52626 28148 4806
489 53348 27280 8349
490 51148 25496 26866
491 51780 31442 16698
492 52735 33346 14646
493 54357 12524 30052
494 54940 42693 10239
495 53927 2854 24204
496 50180 1042 13470
497 54920 41412 13376
498 50179 34043 34940
499 51013 22020 9177
500 51222 36184 41829
501 52042 51 430
502 51898 -359 -33
503 52557 159 135
504 52695 -33 -467
505 52442 365 104
506 54020 -432 -354
507 51461 344 381
508 52886 -209 -267
509 54098 108 56
510 52153 -391 -414
511 52605 338 56
512 54930 -329 -96
513 53027 198 116
514 51784 -355 -171
515 50651 488 441
516 50321 -83 -82
517 54038 297 358
518 52810 -70 -40
519 54156 102 247
520 53464 -215 -462
521 51748 2 372
522 53006 -82 -4
523 51796 150 294
524 54489 -210 -246
525 53457 430 149
526 53850 -230 -366
527 52080 198 386
528 52614 -213 -373
529 54225 307 244
530 50293 -390 -131
531 51687 410 482
532 52938 -369 -480
533 51342 425 302
534 51285 -257 -153
535 50031 313 215
536 53679 -213 -459
537 52606 391 111
538 53156 -348 -47
539 53334 25 320
540 54360 -235 -213
541 54282 155 88
542 51626 -400 -56
543 53379 75 307
544 50691 -155 -496
545 53399 247 222
546 50148 -455 -461
547 54582 188 298
548 53922 -308 -124
549 52091 394 444
550 53308 -210 -473
551 50078 208 19
552 54482 -375 -268
553 53498 178 102
554 51061 -382 -334
555 51961 332 98
556 51363 -382 -191
557 51143 257 352
558 51218 -485 -344
559 53050 257 158
560 53584 -73 -168
561 50965 322 68
562 51199 -131 -260
563 53948 17 35
564 52818 -174 -453
565 50282 258 132
566 53291 -36 -144
567 54722 370 142
568 51118 -50 -257
569 53546 178 416
570 50971 -170 -123
571 50245 173 83
572 52989 -49 -280
573 50448 123 313
574 52343 -294 -340
575 53915 372 462
576 52810 -211 -487
577 52877 198 157
578 51543 -31 -69
579 53794 38 176
580 54990 -112 -20
581 54598 94 282
582 50316 -255 -498
583 53136 484 28
584 54639 -336 -366
585 54041 53 457
586 54168 -246 -176
587 51217 159 83
588 52827 -21 -220
589 52279 175 230
590 54621 -453 -216
591 52989 269 20
592 53564 -381 -7
593 52147 431 50
594 53904 -306 -394
595 51792 212 56
596 52536 -4 -149
597 54436 160 229
598 53704 -49 -488
599 51566 312 295
600 51097 -196 -362
601 54347 234 306
602 52610 -467 -57
603 51770 92 435
604 50572 -176 -466
605 51147 259 497
606 53487 -218 -292
607 51522 94 226
608 51459 -105 -490
609 53747 203 389
610 53598 -304 -432
611 50453 102 346
612 51608 -221 -90
613 51269 148 199
614 53463 -425 -185
615 53329 261 56
616 54886 -54 -274
617 52385 123 363
618 51121 -89 -108
619 53674 362 238
620 53251 -154 -357
621 50045 374 466
622 52661 -253 -280
623 54967 390 204
624 52009 -130 -55
625 52352 493 474
626 54059 -204 -450
627 53876 218 100
628 51951 -357 -485
629 52176 32 7
630 52257 -203 -452
631 53285 373 82
632 50153 -149 -144
633 53008 495 477
634 50440 -150 -225
635 51366 41 80
636 51020 -412 -278
637 51257 347 241
638 50470 -241 -330
639 50621 54 296
640 54988 -497 -333
641 51992 221 127
642 53592 -393 -444
643 53890 367 200
644 50748 -333 -79
645 51290 331 110
646 54379 -297 -420
647 51669 292 97
648 53168 -308 -118
649 54860 393 105
650 53332 -88 -149
651 53084 202 1
652 50268 -305 -330
653 53900 232 297
654 54475 -81 -364
655 54298 152 89
656 52097 -475 -3
657 53789 103 78
658 50323 -154 -68
659 50485 259 346
660 50005 -389 -236
661 52674 491 152
662 51148 -494 -436
663 51566 280 403
664 53222 -346 -165
665 51768 223 164
666 54657 -220 -179
667 54419 328 402
668 50053 -262 -7
669 53891 68 275
670 53997 -349 -11
671 51077 396 170
672 51775 -292 -94
673 50381 428 369
674 52438 -189 -104
675 54801 295 364
676 54046 -295 -397
677 50949 209 1
678 52937 -39 -67
679 51635 46 428
680 54026 -439 -90
681 54389 68 182
682 54490 -457 -388
683 54057 125 17
684 50419 -49 -130
685 51903 435 101
686 50571 -369 -16
687 54997 232 77
688 51710 -344 -446
689 51052 368 466
690 54931 -139 -82
691 53689 129 430
692 53610 -465 -169
693 54749 430 22
694 54561 -440 -374
695 52132 295 397
696 51194 -104 -38
697 51324 467 139
698 53811 -412 -276
699 52444 115 23
700 52946 -303 -347
701 54573 92 214
702 50397 -116 -105
703 50105 32 78
704 52708 -43 -415
705 52568 20 28
706 51418 -233 -59
707 54722 136 306
708 53406 -126 -68
709 53109 45 87
710 50196 -148 -234
711 53183 497 268
712 50911 -406 -285
713 50065 481 301
714 50001 -187 -435
715 53221 261 422
716 50605 -392 -322
717 53815 452 421
718 52693 -376 -283
719 50623 113 377
720 50679 -142 -292
721 53237 451 406
722 52725 -271 -241
723 52762 246 216
724 54448 -287 -199
725 52189 101 408
726 52259 -328 -353
727 54123 73 67
728 54155 -45 -2
729 54373 8 143
730 54717 -9 -331
731 51478 170 493
732 53696 -319 -201
733 52975 376 339
734 53936 -212 -400
735 50396 265 32
736 50381 -149 -391
737 54671 214 225
738 52681 -422 -313
739 50071 485 28
740 54740 -204 -433
741 52688 331 248
742 53045 -428 -390
743 51622 173 114
744 51887 -373 -397
745 52083 293 220
746 51958 -208 -324
747 54193 245 465
748 50230 -372 -438
749 52887 88 122
750 50378 -398 -82
751 51097 154 187
752 54105 -272 -364
753 50603 127 92
754 52355 -172 -422
755 54148 296 9
756 54948 -141 -163
757 52843 165 133
758 53695 -342 -81
759 54308 492 1
760 54342 -29 -104
761 50278 358 163
762 52543 -213 -425
763 54801 166 163
764 51091 -225 -384
765 51563 399 214
766 54417 -62 -130
767 53256 56 123
768 53350 -142 -440
769 50306 259 117
770 54502 -194 -72
771 53361 346 427
772 50812 -38 -119
773 50728 296 421
774 54525 -236 -175
775 51571 192 499
776 53601 -443 -45
777 51908 190 270
778 54665 -141 -302
779 51697 438 235
780 51274 -201 -40
781 51870 140 266
782 53988 -458 -60
783 52357 452 438
784 52881 -226 -422
785 53926 201 29
786 52046 -369 -379
787 52094 321 300
788 51041 -291 -24
789 52344 439 484
790 51436 -378 -71
791 54253 247 106
792 52652 -211 -328
793 50891 431 23
794 52394 -327 -206
795 54497 371 390
796 54379 -265 -345
797 51571 490 344
798 50887 -154 -432
799 53308 102 374
800 51186 -18 -107
801 50075 26 71
802 50026 -356 -357
803 51045 360 30
804 52517 -2 -254
805 50021 18 358
806 51206 -361 -199
807 52553 41 158
808 52198 -33 -406
809 50910 166 353
810 53545 -358 -419
811 54179 284 235
812 50569 -270 -493
813 54927 239 491
814 50602 -165 -442
815 52639 113 137
816 52992 -496 -124
817 51870 223 362
818 51858 -304 -205
819 51485 262 456
820 54320 -305 -30
821 54570 254 201
822 52823 -382 -315
823 51587 47 170
824 53211 -355 -354
825 52393 446 61
826 53558 -11 -60
827 50362 459 125
828 53063 -337 -18
829 50523 356 113
830 52501 -262 -125
831 54385 418 163
832 54715 -173 -251
833 52592 239 121
834 53153 -237 -179
835 54729 79 70
836 51245 -483 -164
837 53926 363 268
838 50221 -341 -200
839 53833 248 158
840 53407 -125 -91
841 52321 161 257
842 51930 -161 -407
843 50657 163 448
844 50244 -112 -211
845 51289 290 141
846 52363 -377 -62
847 51111 159 469
848 50817 -312 -441
849 52392 355 301
850 50045 -193 -232
851 53698 462 275
852 53059 -388 -377
853 54392 64 380
854 53480 -33 -334
855 52608 324 406
856 51515 -61 -93
857 53105 195 51
858 52201 -133 -426
859 50727 12 469
860 52250 -11 -496
861 51004 265 300
862 51467 -131 -415
863 53794 30 208
864 54094 -356 -246
865 54337 10 191
866 52133 -295 -53
867 52145 484 222
868 53564 -59 -454
869 50360 470 345
870 53816 -240 -232
871 54229 445 253
872 53363 -271 -467
873 50329 201 453
874 51641 -364 -384
875 50423 335 384
876 51154 -243 -109
877 53508 312 337
878 51814 -373 -424
879 53796 209 189
880 53567 -170 -443
881 54982 130 391
882 53176 -366 -336
883 54555 381 334
884 51259 -184 -337
885 52843 220 247
886 52947 -7 -56
887 52744 227 136
888 51005 -233 -155
889 53440 81 201
890 52433 -56 -490
891 52973 293 410
892 53229 -463 -247
893 54297 330 470
894 50146 -218 -322
895 51804 324 267
896 50443 -407 -359
897 50892 244 196
898 52210 -200 -85
899 53107 473 64
900 50909 -156 -206
901 51583 330 151
902 54298 -480 -5
903 51056 32 229
904 53509 -204 -285
905 51446 369 139
906 52294 -496 -494
907 51469 233 1
908 52273 -354 -456
909 54950 28 418
910 53326 -31 -362
911 53628 274 482
912 50806 -126 -401
913 54596 233 401
914 52968 -368 -105
915 54082 316 318
916 53496 -107 -451
917 52113 3 59
918 53963 -179 -331
919 51603 167 319
920 51244 -163 -374
921 50466 251 5
922 50267 -252 -244
923 51929 353 169
924 53773 -119 -259
925 53792 479 3
926 54689 -453 -210
927 53943 224 255
928 52930 -479 -325
929 50090 280 292
930 53230 -20 -373
931 51777 328 373
932 50521 -23 -359
933 52411 390 256
934 50099 -72 -153
935 51647 310 8
936 53550 -462 -209
937 51656 306 175
938 52945 -405 -382
939 50885 144 465
940 51033 -288 -451
941 54201 196 324
942 53549 -302 -81
943 54733 417 405
944 51460 -386 -181
945 51750 250 379
946 54098 -354 -115
947 54367 142 295
948 54051 -379 -352
949 52174 213 36
950 50862 -325 -157
951 52990 113 427
952 53187 -183 -369
953 54463 222 367
954 53469 -339 -440
955 51390 463 301
956 50432 -167 -430
957 52174 113 466
958 50579 -410 -312
959 52474 307 357
960 50540 -477 -454
961 52328 404 76
962 52279 -320 -185
963 52220 463 480
964 54656 -84 -394
965 53892 257 23
966 50897 -4 -14
967 53535 142 420
968 51007 -409 -199
969 54426 107 227
970 53321 -404 -291
971 51820 241 399
972 54929 -12 -291
973 52000 83 282
974 50344 -438 -177
975 51137 479 219
976 53602 -389 -468
977 50827 263 84
978 54224 -254 -375
979 51674 41 296
980 53799 -412 -34
981 52606 194 286
982 54063 -198 -391
983 51652 156 168
984 52720 -333 -402
985 54570 295 257
986 53090 -148 -170
987 54329 45 367
988 51476 -252 -115
989 53496 470 351
990 54227 -231 -491
991 52626 93 490
992 54284 -74 -41
993 51419 334 491
994 51939 -451 -432
995 51708 444 212
996 50722 -129 -198
997 50136 0 301
998 51646 -438 -283
999 51501 154 305
1000 52378 -85 -378
1001 50462 492 243
1002 54460 -37 -246
1003 54007 115 119
1004 50478 -192 -171
1005 52723 402 246
1006 54717 -287 -358
1007 52710 363 255
1008 54927 -79 -76
1009 50921 47 15
1010 54085 -403 -486
1011 50150 482 408
1012 54212 -490 -285
1013 53272 344 32
1014 50261 -442 -399
1015 50712 162 464
1016 54830 -28 -136
1017 50860 449 204
1018 53860 -119 -49
1019 54931 241 141
1020 52633 -472 -216
1021 52751 459 161
1022 53767 -259 -398
1023 54920 313 490
1024 53472 -231 -371
1025 52770 357 328
1026 50514 -405 -199
1027 54722 211 148
1028 53215 -438 -3
1029 54928 210 388
1030 53593 -3 -169
1031 50483 381 116
1032 50358 -141 -3
1033 51582 270 39
1034 51599 -439 -405
1035 52625 165 301
1036 52164 -130 -40
1037 52977 171 326
1038 53332 0 -414
1039 53003 295 122
1040 53032 -121 -211
1041 52524 495 1
1042 54181 -422 -48
1043 54094 476 126
1044 50152 -119 -309
1045 54459 433 71
1046 52754 -214 -463
1047 53863 173 119
1048 51506 -16 -68
1049 52114 241 29
1050 53498 -389 -411
1051 51756 17 358
1052 53358 -336 -385
1053 53987 118 391
1054 50161 -84 -180
1055 53962 346 55
1056 50871 -62 -239
1057 50585 191 493
1058 54363 -231 -408
1059 52494 179 340
1060 54062 -406 -96
1061 54072 5 379
1062 52402 -131 -279
1063 52096 450 327
1064 54321 -383 -193
1065 52148 464 265
1066 54639 -135 -358
1067 50833 333 38
1068 52292 -24 -278
1069 52191 212 29
1070 51947 -344 -313
1071 54662 418 101
1072 50186 -357 -102
1073 52265 440 482
1074 52947 -9 -96
1075 53181 70 129
1076 51489 -259 -163
1077 50919 430 430
1078 53867 -475 -118
1079 53267 0 109
1080 52224 -101 -384
1081 51996 459 98
1082 54648 -161 -324
1083 54976 337 451
1084 51218 -8 -97
1085 51566 60 394
1086 53234 -233 -199
1087 53422 287 328
1088 51427 -448 -351
1089 51964 174 424
1090 52005 -113 -194
1091 54364 248 274
1092 52780 -189 -352
1093 54510 73 120
1094 53116 -47 -421
1095 51113 365 82
1096 54442 -336 -333
1097 51648 343 4
1098 50050 -305 -391
1099 54472 76 188
1100 52220 -338 -41
1101 51126 39 358
1102 53142 -248 -441
1103 53781 65 234
1104 52803 -213 -480
1105 53145 46 449
1106 51228 -435 -392
1107 53047 339 394
1108 54361 -387 -394
1109 54034 392 93
1110 50153 -114 -44
1111 54598 219 47
1112 54142 -454 -123
1113 51661 13 299
1114 51264 -165 -436
1115 50890 268 48
1116 54216 -14 -203
1117 52389 103 88
1118 52987 -76 -31
1119 51683 105 80
1120 50090 -84 -229
1121 52154 134 61
1122 53952 -211 -133
1123 53169 313 230
1124 51991 -290 -331
1125 52520 62 143
1126 54789 -251 -498
1127 52587 434 13
1128 50011 -238 -412
1129 54587 436 306
1130 54879 -499 -328
1131 54566 221 200
1132 53390 -130 -447
1133 50316 491 441
1134 51528 -88 -429
1135 50976 324 247
1136 51201 -155 -8
1137 53732 83 130
1138 52060 -116 -116
1139 52473 186 373
1140 52403 -255 -10
1141 53044 274 240
1142 52107 -85 -481
1143 50451 59 152
1144 50595 -340 -233
1145 51252 201 228
1146 51350 -456 -348
1147 52376 36 354
1148 54592 -286 -466
1149 50377 105 203
1150 52043 -173 -461
1151 51822 450 68
1152 52478 -427 -74
1153 53523 262 231
1154 53691 -332 -452
1155 53314 442 405
1156 53729 -185 -471
1157 54939 257 445
1158 54325 -92 -374
1159 52720 60 394
1160 50427 -433 -384
1161 52735 382 121
1162 50369 -311 -404
1163 52778 361 135
1164 54667 -296 -285
1165 50426 216 238
1166 52671 -9 -55
1167 51002 248 68
1168 50139 -72 -366
1169 51259 401 89
1170 51192 -383 -440
1171 54594 19 392
1172 53998 -433 -488
1173 50448 447 82
1174 54924 -290 -396
1175 54645 277 43
1176 51052 -177 -396
1177 53741 388 271
1178 50130 -13 -289
1179 50661 437 139
1180 53196 -20 -37
1181 50808 137 92
1182 52365 -331 -213
1183 51219 131 354
1184 54665 -77 -291
1185 54373 491 11
1186 50398 -374 -171
1187 51264 297 397
1188 51212 -367 -334
1189 51048 355 392
1190 53694 -262 -357
1191 52995 278 251
1192 50531 -104 -246
1193 52380 114 239
1194 51799 -296 -449
1195 50139 29 162
1196 50094 -40 -201
1197 52915 279 79
1198 53810 -28 -322
1199 52245 26 258
1200 53079 -474 -61
1201 54909 396 187
1202 52746 -125 -112
1203 50802 42 63
1204 51068 -86 -434
1205 51217 286 427
1206 53385 -396 -40
1207 52061 48 145
1208 53003 -481 -291
1209 51744 472 249
1210 52724 -247 -129
1211 53040 122 199
1212 50053 -428 -143
1213 54222 21 455
1214 50137 -249 -203
1215 51795 109 463
1216 54440 -127 -206
1217 52567 120 6
1218 51132 -401 -318
1219 53272 251 95
1220 54584 -270 -481
1221 54212 193 15
1222 52285 -330 -278
1223 51423 73 182
1224 54975 -231 -286
1225 50124 152 304
1226 54739 -309 -354
1227 52834 181 28
1228 51057 -315 -286
1229 53131 109 7
1230 50403 -263 -239
1231 52001 151 186
1232 54228 -164 -347
1233 53033 344 244
1234 54585 -451 -63
1235 54514 43 206
1236 50621 -457 -467
1237 51010 53 57
1238 54469 -187 -464
1239 52864 496 465
1240 50540 -147 -72
1241 51375 409 3
1242 53795 -233 -407
1243 51101 123 414
1244 53496 -208 -81
1245 53206 465 50
1246 52965 -449 -226
1247 54126 236 393
1248 51350 -408 -120
1249 51580 145 336
1250 53051 -64 -9
1251 53337 474 105
1252 51460 -95 -164
1253 54632 493 350
1254 54784 -42 -149
1255 53877 264 302
1256 54500 -163 -423
1257 54582 30 341
1258 53878 -418 -328
1259 54765 40 77
1260 53553 -281 -363
1261 51517 316 256
1262 50581 -319 -331
1263 54327 74 330
1264 50648 -491 -323
1265 50572 83 170
1266 53386 -404 -387
1267 50586 131 293
1268 52688 -123 -120
1269 51351 104 31
1270 52853 -155 -311
1271 51836 241 230
1272 52082 -393 -376
1273 53637 146 444
1274 50993 -9 -231
1275 50244 208 270
1276 54136 -261 -170
1277 52428 23 202
1278 50703 -471 -477
1279 51878 288 463
1280 54139 -234 -320
1281 50048 328 488
1282 52592 -358 -141
1283 54885 57 249
1284 53647 -405 -330
1285 52695 244 135
1286 51231 -348 -226
1287 53132 406 378
1288 53143 -226 -39
1289 51031 50 88
1290 52232 -75 -63
1291 50730 374 50
1292 51236 -58 -345
1293 52551 419 382
1294 54754 -172 -107
1295 51973 392 346
1296 53252 -490 -241
1297 54524 369 222
1298 54594 -165 -282
1299 50179 360 92
1300 53655 -251 -103
1301 53036 199 462
1302 50672 -103 -314
1303 51565 362 380
1304 53703 -353 -304
1305 52573 479 99
1306 54471 -7 -34
1307 53809 216 437
1308 52488 -21 -475
1309 53478 268 295
1310 50127 -35 -215
1311 54349 359 216
1312 50632 -404 -101
1313 52601 162 293
1314 51658 -478 -53
1315 50863 434 195
1316 53423 -486 -399
1317 52815 220 346
1318 54616 -356 -226
1319 53227 450 492
1320 54143 -271 -280
1321 52893 272 110
1322 53442 -95 -493
1323 54496 275 174
1324 50989 -457 -134
1325 54885 378 221
1326 52486 -395 -181
1327 54003 294 11
1328 51012 -479 -200
1329 51311 173 462
1330 50663 -214 -271
1331 50826 120 382
1332 52730 -264 -115
1333 52193 403 443
1334 50821 -281 -143
1335 52577 206 375
1336 53759 -363 -217
1337 52496 401 43
1338 53839 -188 -213
1339 52724 466 3
1340 52911 -286 -139
1341 50367 186 291
1342 52493 -313 -52
1343 52950 430 190
1344 51356 -204 -114
1345 50620 489 456
1346 51853 -366 -212
1347 54001 487 35
1348 52911 -123 -380
1349 53503 378 424
1350 54387 -382 -245
1351 53530 133 463
1352 50069 -136 -463
1353 53752 495 34
1354 51713 -352 -327
1355 52937 323 41
1356 50227 -153 -491
1357 51632 355 261
1358 51646 -118 -448
1359 54318 26 224
1360 52233 -197 -216
1361 53507 310 38
1362 51415 -341 -413
1363 52368 9 399
1364 54433 -41 -92
1365 53701 313 470
1366 50201 -253 -241
1367 52843 469 22
1368 51218 -155 -169
1369 51268 479 26
1370 51967 -433 -95
1371 50098 145 280
1372 51176 -37 -306
1373 50723 49 284
1374 53901 -90 -224
1375 53904 104 331
1376 50041 -437 -441
1377 53346 56 148
1378 51504 -82 -57
1379 52609 462 397
1380 53027 -476 -338
1381 52990 371 265
1382 54996 -323 -384
1383 50273 21 334
1384 50483 -86 -248
1385 50318 266 279
1386 50985 -493 -349
1387 50242 58 345
1388 51217 -123 -375
1389 50481 93 284
1390 52643 -482 -218
1391 50765 199 400
1392 51812 -231 -140
1393 52177 182 28
1394 53106 -212 -326
1395 51066 113 244
1396 54425 -327 -319
1397 54766 78 301
1398 52480 -75 -359
1399 50570 227 476
1400 51356 -344 -23
1401 51252 251 323
1402 52582 -420 -241
1403 52647 147 107
1404 51115 -202 -129
1405 50711 438 63
1406 50994 -204 -77
1407 53935 250 268
1408 52878 -131 -474
1409 53999 104 267
1410 51352 -165 -105
1411 52324 367 173
1412 54868 -375 -91
1413 51873 487 474
1414 53005 -162 -399
1415 53836 59 498
1416 51986 -446 -132
1417 54957 379 139
1418 52760 -109 -24
1419 51103 29 315
1420 51247 -313 -183
1421 51947 400 189
1422 54697 -303 -68
1423 53264 447 334
1424 53009 -363 -222
1425 54898 208 271
1426 53986 -185 -485
1427 52842 86 450
1428 51025 -470 -277
1429 51698 2 209
1430 53448 -108 -100
1431 52660 331 58
1432 51399 -437 -464
1433 54305 211 204
1434 50511 -235 -260
1435 51002 133 319
1436 50177 -253 -468
1437 52911 252 412
1438 50696 -425 -101
1439 51989 354 346
1440 53540 -331 -398
1441 50137 168 306
1442 51599 -273 -403
1443 52706 261 291
1444 54755 -361 -475
1445 50701 95 242
1446 50692 -134 -23
1447 54431 483 270
1448 52005 -171 -197
1449 54816 333 376
1450 53266 -149 -372
1451 53188 285 67
1452 50816 -437 -264
1453 52538 160 134
1454 51059 -322 -392
1455 53415 192 491
1456 51234 -480 -258
1457 51510 215 414
1458 51235 -223 -262
1459 50907 129 63
1460 53629 -129 -39
1461 52716 26 77
1462 52032 -171 -152
1463 52609 457 353
1464 54659 -108 -384
1465 50468 14 29
1466 51114 -345 -196
1467 53029 446 219
1468 51261 -451 -366
1469 51468 138 234
1470 53604 -355 -180
1471 54806 12 250
1472 53140 -118 -198
1473 50268 328 357
1474 50192 -399 -448
1475 52481 261 358
1476 53473 -38 -461
1477 54931 199 346
1478 51916 -315 -381
1479 52115 74 164
1480 53677 -342 -442
1481 50130 459 476
1482 53519 -355 -87
1483 54534 205 288
1484 54771 -137 -343
1485 50772 138 343
1486 53891 -365 -427
1487 52401 228 322
1488 53064 -498 -381
1489 53351 195 14
1490 52213 -222 -51
1491 52199 105 207
1492 53638 -242 -115
1493 51843 38 11
1494 53254 -164 -278
1495 52417 145 375
1496 50162 -26 -438
1497 53630 284 299
1498 52353 -361 -118
1499 53540 95 282
1500 51391 -329 -92
1501 52111 130 406
1502 51473 -319 -255
1503 53341 486 437
1504 54720 -367 -28
1505 52653 245 163
1506 51607 -171 -74
1507 51788 212 71
1508 54381 -64 -103
1509 54889 379 459
1510 52199 -131 -320
1511 52965 249 94
1512 51060 -406 -240
1513 51269 246 121
1514 54393 -471 -409
1515 54602 130 135
1516 53556 -113 -441
1517 53776 283 425
1518 54695 -250 -306
1519 50766 260 235
1520 52311 -290 -297
1521 52476 244 331
1522 54514 -157 -262
1523 54673 442 263
1524 51985 -29 -93
1525 50638 443 342
1526 50940 -107 -369
1527 52125 239 374
1528 51243 -228 -241
1529 53400 311 373
1530 50309 -178 -103
1531 50538 134 16
1532 53003 -333 -218
1533 52195 400 190
1534 52825 -270 -93
1535 54546 146 199
1536 50302 -416 -10
1537 51478 229 92
1538 52553 -207 -118
1539 51286 227 78
1540 53047 -455 -355
1541 52258 139 317
1542 53822 -366 -91
1543 52547 39 57
1544 52545 -262 -264
1545 52120 425 264
1546 51873 -465 -476
1547 50131 329 70
1548 53921 -208 -281
1549 54757 130 228
1550 54964 -374 -105
1551 51016 357 301
1552 53520 -377 -369
1553 52526 374 242
1554 50048 -79 -23
1555 52150 124 402
1556 51888 -375 -480
1557 53319 314 194
1558 51835 -420 -333
1559 51095 170 95
1560 50860 -421 -434
1561 53510 210 74
1562 52497 -276 -203
1563 50473 59 432
1564 52314 -476 -133
1565 51954 333 30
1566 52613 -360 -262
1567 50089 84 477
1568 52048 -152 -383
1569 51282 327 348
1570 51574 -130 -401
1571 54746 439 0
1572 53661 -441 -372
1573 52912 456 7
1574 50201 -488 -237
1575 51447 305 219
1576 51189 -185 -111
1577 54838 419 71
1578 50365 -450 -11
1579 51173 431 143
1580 52089 -447 -279
1581 53091 377 54
1582 54173 -183 -282
1583 50043 220 155
1584 54089 -203 -197
1585 52974 407 498
1586 51202 -492 -333
1587 50240 161 225
1588 53292 -5 -406
1589 54251 464 237
1590 52914 -311 -24
1591 50252 220 9
1592 50393 -431 -341
1593 52431 271 34
1594 52366 -211 -85
1595 51652 292 84
1596 51830 -388 -439
1597 52289 296 157
1598 51209 -303 -373
1599 52837 477 44
1600 54629 -235 -334
1601 53211 454 379
1602 53992 -323 -389
1603 53394 245 378
1604 54643 -288 -254
1605 54639 292 366
1606 50014 -479 -229
1607 52608 364 456
1608 51801 -443 -435
1609 52051 329 302
1610 50143 -351 -338
1611 51517 153 2
1612 50117 -128 -329
1613 53141 55 118
1614 52921 -398 -147
1615 54152 341 91
1616 51554 -187 -459
1617 53257 61 383
1618 51679 -368 -30
1619 50477 453 495
1620 50356 -417 -347
1621 54206 32 449
1622 53963 -249 -135
1623 50592 231 394
1624 51723 -370 -324
1625 51229 481 193
1626 52842 -491 -85
1627 52905 489 140
1628 51985 -221 -89
1629 51873 21 81
1630 54210 -38 -157
1631 51784 217 33
1632 50575 -222 -441
1633 53211 324 272
1634 50853 -44 -480
1635 54627 248 441
1636 53573 -420 -13
1637 54713 69 185
1638 54788 -324 -273
1639 52283 174 300
1640 51083 -96 -274
1641 50639 199 447
1642 53533 -200 -85
1643 50392 352 271
1644 54449 -17 -90
1645 52822 140 272
1646 52925 -273 -55
1647 52246 198 151
1648 54710 -371 -29
1649 50083 173 411
1650 52125 -414 -129
1651 54398 316 328
1652 51714 -385 -198
1653 51837 232 451
1654 50107 -164 -476
1655 53210 187 315
1656 51150 -235 -215
1657 51430 28 142
1658 54287 -400 -435
1659 52641 449 191
1660 54047 -353 -269
1661 51837 114 411
1662 54497 -40 -324
1663 53155 153 170
1664 51251 -88 -193
1665 50267 101 412
1666 54505 -410 -300
1667 51014 166 154
1668 53291 -219 -128
1669 54374 265 482
1670 54815 -150 -397
1671 50780 295 422
1672 53492 -330 -133
1673 51311 131 326
1674 51716 -438 -31
1675 54592 451 53
1676 52593 -47 -172
1677 52594 92 496
1678 54793 -201 -205
1679 52659 115 76
1680 54222 -196 -29
1681 52516 371 101
1682 53394 -321 -285
1683 51823 3 189
1684 53322 -182 -112
1685 51162 24 428
1686 50301 -297 -492
1687 51023 426 423
1688 51784 -217 -490
1689 54221 38 59
1690 51269 -487 -279
1691 52523 156 298
1692 54734 -314 -408
1693 51174 237 398
1694 51657 -102 -438
1695 53616 273 360
1696 54432 -119 -386
1697 54439 225 360
1698 53199 -252 -272
1699 54247 464 451
1700 53297 -145 -272
1701 50829 303 232
1702 53292 -337 -276
1703 50515 311 458
1704 50905 -243 -272
1705 51600 137 343
1706 52577 -18 -342
1707 53986 18 157
1708 51607 -220 -21
1709 51306 466 0
1710 50631 -384 -287
1711 50041 72 493
1712 54809 -77 -28
1713 51511 335 127
1714 50524 -444 -303
1715 53152 480 340
1716 53439 -30 -493
1717 53401 207 260
1718 53959 -181 -243
1719 50793 176 21
1720 50868 -412 -374
1721 53708 135 307
1722 50549 -251 -423
1723 54081 480 366
1724 50213 -134 -59
1725 52467 190 236
1726 51574 -431 -228
1727 50554 5 12
1728 50315 -346 -18
1729 50973 36 63
1730 51078 -421 -451
1731 51298 369 291
1732 50776 -289 -182
1733 53526 100 277
1734 53741 -282 -479
1735 53856 326 311
1736 53117 -177 -386
1737 53955 467 285
1738 54406 -382 -345
1739 53574 104 45
1740 53928 -358 -443
1741 52451 135 30
1742 54233 -318 -456
1743 52005 276 111
1744 50740 -323 -125
1745 54917 178 162
1746 51018 -351 -396
1747 54032 200 441
1748 50160 -58 -414
1749 53270 103 75
1750 53340 -497 -216
1751 54900 462 26
1752 54414 -7 -140
1753 54519 237 389
1754 53694 -446 -98
1755 51131 230 254
1756 54020 -411 -279
1757 51762 177 104
1758 51467 -1 -267
1759 52193 127 14
1760 50163 -153 -195
1761 51451 223 306
1762 51453 -383 -246
1763 51914 327 148
1764 50586 -363 -162
1765 51662 52 388
1766 52802 -460 -200
1767 51673 85 116
1768 54413 -431 -156
1769 51906 166 307
1770 50724 -132 -170
1771 53345 430 200
1772 52182 -72 -410
1773 50894 212 269
1774 51522 -11 -67
1775 54671 306 85
1776 52368 -202 -120
1777 51846 175 400
1778 52718 -391 -179
1779 52160 190 433
1780 53563 -354 -489
1781 51702 389 152
1782 52490 -241 -337
1783 51517 73 496
1784 53524 -36 -349
1785 52965 465 4
1786 54415 -267 -223
1787 53870 303 462
1788 54635 -482 -316
1789 54285 341 321
1790 54941 -374 -492
1791 53286 426 66
1792 52655 -203 -242
1793 54019 163 336
1794 54859 -171 -250
1795 53591 338 412
1796 50287 -246 -186
1797 52676 236 499
1798 53478 -151 -174
1799 50270 414 176
1800 53954 -97 -244
1801 54236 34 325
1802 52917 -248 -240
1803 50504 387 191
1804 54505 -148 -118
1805 53534 104 272
1806 52851 -197 -421
1807 52942 267 94
1808 51043 -295 -314
1809 51168 113 499
1810 53716 -49 -433
1811 50658 352 11
1812 52543 -18 -98
1813 53769 276 397
1814 54682 -86 -151
1815 52591 104 385
1816 51883 -112 -34
1817 52983 73 115
1818 54213 -18 -229
1819 52285 115 102
1820 53917 -268 -489
1821 53733 107 167
1822 53636 -259 -341
1823 52383 15 393
1824 54039 -65 -330
1825 50883 376 290
1826 50435 -328 -466
1827 53407 379 121
1828 52140 -237 -152
1829 53394 315 199
1830 51288 -293 -46
1831 53585 113 150
1832 52870 -361 -106
1833 51166 8 315
1834 51671 -183 -166
1835 53078 92 60
1836 53290 -253 -282
1837 52226 241 328
1838 53410 -1 -440
1839 54191 15 68
1840 53182 -124 -232
1841 54480 213 32
1842 51344 -454 -339
1843 50342 271 270
1844 53535 -470 -435
1845 50735 361 422
1846 53756 -258 -232
1847 50457 383 349
1848 53178 -191 -132
1849 50246 57 0
1850 50845 -150 -40
1851 50708 203 270
1852 51606 -301 -168
1853 53210 440 270
1854 50395 -236 -491
1855 52719 88 448
1856 54463 -337 -223
1857 51167 10 417
1858 50557 -332 -248
1859 53261 233 403
1860 52551 -146 -372
1861 53072 215 38
1862 54884 -160 -322
1863 53855 63 414
1864 51854 -107 -354
1865 52270 448 246
1866 54792 -32 -426
1867 51263 290 310
1868 50082 -336 -6
1869 54415 246 23
1870 53438 -406 -97
1871 51782 382 217
1872 50589 -11 -402
1873 54936 28 327
1874 52202 -381 -471
1875 53613 435 136
1876 52628 -464 -122
1877 53826 127 96
1878 53045 -69 -27
1879 54867 37 102
1880 54395 -307 -479
1881 50124 297 399
1882 50683 -477 -250
1883 54489 101 241
1884 50409 -498 -209
1885 52125 222 83
1886 52870 -489 -146
1887 52848 239 200
1888 50365 -322 -48
1889 50690 333 430
1890 51116 -465 -190
1891 53153 498 409
1892 52324 -283 -189
1893 51678 402 37
1894 51834 -176 -417
1895 50733 38 311
1896 52316 -477 -363
1897 50974 477 326
1898 51002 -217 -474
1899 52696 311 128
1900 52178 -101 -135
1901 50080 172 11
1902 52589 -46 -485
1903 54657 418 409
1904 50396 -84 -355
1905 52366 414 98
1906 51121 -487 -173
1907 50283 404 443
1908 51207 -343 -347
1909 50282 428 467
1910 51318 -302 -350
1911 53018 298 120
1912 53491 -308 -119
1913 53658 325 194
1914 50644 -86 -360
1915 53919 190 390
1916 52717 -151 -268
1917 50879 263 343
1918 52855 -432 -45
1919 54146 84 82
1920 53227 -249 -411
1921 53975 18 471
1922 53266 -339 -445
1923 51228 71 23
1924 51011 -198 -408
1925 51514 375 62
1926 53924 -497 -193
1927 50291 99 136
1928 50674 -465 -335
1929 52402 131 39
1930 53440 -60 -394
1931 50710 87 276
1932 54445 -470 -232
1933 54260 481 244
1934 51972 -170 -491
1935 54814 267 310
1936 53653 -327 -460
1937 51055 424 122
1938 51177 -120 -166
1939 53125 285 8
1940 50674 -267 -454
1941 53650 247 452
1942 54541 -372 -355
1943 54229 334 294
1944 54174 -434 -349
1945 50563 158 340
1946 52164 -177 -284
1947 54087 415 464
1948 50353 -347 -37
1949 53388 255 391
1950 50731 -342 -312
1951 50763 475 377
1952 50517 -476 -40
1953 53791 417 77
1954 54919 -140 -225
1955 53493 229 90
1956 54318 -487 -150
1957 51446 448 135
1958 52723 -220 -426
1959 51549 51 455
1960 53517 -106 -254
1961 54974 18 329
1962 51755 -493 -62
1963 50426 202 278
1964 52086 -478 -26
1965 53869 287 332
1966 53301 -6 -21
1967 51506 320 370
1968 50588 -214 -374
1969 52176 309 359
1970 50080 -479 -46
1971 51593 294 181
1972 50014 -91 -120
1973 54490 447 425
1974 52255 -166 -121
1975 53674 310 42
1976 52584 -103 -187
1977 53130 246 140
1978 50595 -135 -431
1979 50524 485 469
1980 51369 -120 -296
1981 53539 341 227
1982 53902 -370 -136
1983 52376 28 430
1984 53685 -186 -406
1985 51456 251 343
1986 51184 -120 -137
1987 52523 345 344
1988 50257 -318 -199
1989 53379 232 101
1990 51684 -467 -369
1991 54366 483 475
1992 51246 -380 -127
1993 51872 174 286
1994 54406 -251 -434
1995 53900 43 166
1996 51978 -395 -477
1997 51705 128 302
1998 53247 -134 -440
1999 51284 130 212
2000 50656 -356 -325
2001 50396 342 332
2002 54684 -46 -489
2003 50656 415 456
2004 50673 -164 -193
2005 50901 306 127
2006 50810 -63 -219
2007 50529 477 67
2008 53635 -276 -24
2009 54083 397 494
2010 51735 -13 -245
2011 52976 185 388
2012 53496 -176 -390
2013 54894 39 354
2014 54433 -213 -27
2015 53891 177 428
2016 53454 -322 -292
2017 53317 59 309
2018 50910 -323 -54
2019 54808 267 345
2020 50831 -68 -308
2021 50671 152 290
2022 52188 -430 -230
2023 52796 43 192
2024 52918 -498 -134
2025 50829 358 430
2026 54351 -318 -358
2027 52734 451 390
2028 53937 -297 -363
2029 50175 474 177
2030 53650 -60 -167
2031 51068 347 399
2032 52656 -186 -165
2033 54068 222 427
2034 50178 -305 -193
2035 54105 111 406
2036 54901 -164 -100
2037 52324 263 255
2038 53694 -95 -63
2039 52747 443 135
2040 52059 -191 -444
2041 54881 28 271
2042 51988 -183 -307
2043 53605 195 373
2044 50941 -6 -186
2045 52254 370 416
2046 53493 -482 -80
2047 50055 397 115
2048 52609 -427 -28
2049 54897 298 418
2050 51285 -293 -252
2051 51749 329 475
2052 54365 -55 -175
2053 52615 421 255
2054 52422 -273 -307
2055 50292 340 166
2056 50899 -419 -284
2057 50291 446 7
2058 53157 -193 -177
2059 51757 27 485
2060 52147 -409 -354
2061 54186 283 357
2062 52548 -261 -488
2063 53268 159 49
2064 50665 -387 -491
2065 53738 98 258
2066 52961 -61 -44
2067 51340 177 430
2068 50996 -444 -433
2069 53707 302 430
2070 50871 -295 -4
2071 54048 71 22
2072 52790 -55 -250
2073 51407 189 75
2074 53933 -226 -67
2075 53173 439 6
2076 50167 -431 -194
2077 52424 11 127
2078 53755 -177 -469
2079 52288 93 401
2080 50759 -398 -117
2081 53499 439 498
2082 54113 -18 -268
2083 54871 126 27
2084 52577 -84 -273
2085 51575 458 41
2086 52661 -107 -470
2087 53846 265 294
2088 53062 -429 -447
2089 50464 457 114
2090 53551 -145 -31
2091 52466 412 397
2092 51226 -278 -336
2093 51244 263 25
2094 53998 -305 -495
2095 52703 155 301
2096 54819 -2 -429
2097 53366 105 378
2098 53551 -449 -467
2099 54696 442 352
2100 52606 -250 -454
2101 52880 464 136
2102 54318 -370 -149
2103 54770 22 489
2104 52310 -356 -486
2105 50828 178 122
2106 50846 -166 -111
2107 52574 185 417
2108 51636 -12 -219
2109 54806 336 9
2110 52568 -415 -123
2111 50761 97 344
2112 50324 -34 -140
2113 51150 425 103
2114 51736 -122 -19
2115 52359 415 161
2116 54257 -8 -331
2117 53422 111 308
2118 53963 -281 -189
2119 54470 141 115
2120 54880 -327 -251
2121 53290 63 61
2122 53616 -4 -494
2123 51198 218 364
2124 50737 -226 -398
2125 51581 267 448
2126 50710 -384 -5
2127 53676 472 102
2128 54331 -162 -398
2129 51970 311 493
2130 52580 -122 -35
2131 53668 103 425
2132 51892 -357 -58
2133 52826 284 337
2134 50249 -13 0
2135 50503 468 209
2136 51112 -465 -92
2137 53957 293 209
2138 51064 -230 -293
2139 53006 435 394
2140 50199 -276 -46
2141 52131 397 209
2142 54868 -164 -34
2143 51536 54 469
2144 53504 -408 -432
2145 52937 214 269
2146 52970 -59 -437
2147 50568 68 235
2148 54949 -55 -309
2149 50742 444 340
2150 54485 -251 -116
2151 51037 466 233
2152 52832 -286 -204
2153 52541 460 279
2154 51659 -278 -454
2155 51870 208 307
2156 53246 -195 -327
2157 53605 116 407
2158 51632 -188 -5
2159 54485 293 312
2160 53013 -24 -244
2161 50465 190 357
2162 52353 -488 -30
2163 53530 179 224
2164 51499 -154 -74
2165 52341 183 232
2166 50774 -144 -452
2167 52892 393 93
2168 50017 -104 -273
2169 53153 1 235
2170 53451 -483 -425
2171 50571 286 313
2172 54230 -442 -364
2173 53952 465 133
2174 51098 -205 -170
2175 53960 69 389
2176 52415 -23 -364
2177 53874 322 20
2178 50796 -456 -278
2179 51851 402 41
2180 54648 -100 -118
2181 50742 261 235
2182 50330 -234 -263
2183 52553 341 416
2184 51810 -207 -491
2185 52437 242 63
2186 53793 -18 -413
2187 50912 402 173
2188 51005 -402 -394
2189 50443 158 166
2190 52261 -474 -254
2191 51725 24 14
2192 54623 -407 -443
2193 54382 233 307
2194 52836 -84 -373
2195 53531 382 497
2196 54605 -353 -400
2197 51499 335 465
2198 53383 -160 -354
2199 52215 126 257
2200 50326 -241 -149
2201 52787 302 147
2202 54146 -377 -428
2203 51199 463 264
2204 52987 -225 -479
2205 54501 442 368
2206 52841 -185 -179
2207 52603 334 128
2208 54625 -443 -325
2209 53180 172 83
2210 50116 -202 -441
2211 54211 105 165
2212 51867 -120 -76
2213 50246 420 283
2214 53565 -374 -333
2215 51533 344 497
2216 50498 -397 -124
2217 51097 77 360
2218 54974 -431 -99
2219 54924 245 436
2220 53555 -176 -346
2221 51450 440 104
2222 50058 -54 -1
2223 53089 53 160
2224 50780 -469 -83
2225 54868 142 223
2226 52935 -326 -316
2227 52490 287 306
2228 54582 -23 -338
2229 51959 216 425
2230 50968 -237 -82
2231 53589 248 466
2232 54380 -80 -413
2233 51001 344 304
2234 51995 -151 -228
2235 51547 155 74
2236 51203 -118 -48
2237 53096 478 313
2238 50033 -318 -470
2239 52508 55 419
2240 54766 -224 -280
2241 51886 237 250
2242 53876 -377 -60
2243 53867 438 73
2244 54547 -262 -60
2245 51067 44 452
2246 53098 -242 -84
2247 50114 137 327
2248 51139 -486 -76
2249 53064 294 422
2250 50614 -39 -210
2251 52646 19 42
2252 54851 -375 -103
2253 54741 299 438
2254 54323 -233 -130
2255 54878 112 258
2256 50937 -8 -76
2257 52388 174 330
2258 51377 -58 -151
2259 54511 131 383
2260 53394 -489 -117
2261 53119 44 214
2262 52099 -203 -2
2263 50303 271 85
2264 53252 -211 -461
2265 50753 331 480
2266 54938 -15 -297
2267 52942 304 334
2268 53545 -301 -184
2269 53250 447 24
2270 54449 -362 -430
2271 50396 123 473
2272 53949 -385 -36
2273 53065 236 164
2274 51957 -455 -358
2275 50142 410 189
2276 50309 -402 -106
2277 50237 85 116
2278 52019 -463 -257
2279 53618 247 379
2280 51915 -472 -266
2281 54762 238 7
2282 51027 -30 -105
2283 54711 160 346
2284 50925 -477 -221
2285 50701 73 211
2286 53636 -120 -56
2287 52448 68 298
2288 53808 -128 -471
2289 52168 171 450
2290 54049 -397 -297
2291 51647 118 453
2292 54535 -406 -55
2293 51285 54 220
2294 50269 -455 -419
2295 53089 135 464
2296 50188 -441 -159
2297 50788 175 286
2298 50057 -294 -415
2299 53685 410 407
2300 51111 -42 -417
2301 51640 349 82
2302 52733 -351 -227
2303 52887 341 20
2304 50313 -386 -185
2305 54308 342 357
2306 54208 -281 -387
2307 50073 340 124
2308 52693 -276 -117
2309 53965 368 453
2310 51834 -365 -66
2311 54914 239 388
2312 53181 -242 -482
2313 50030 435 489
2314 50060 -179 -301
2315 50656 51 479
2316 51074 -144 -79
2317 52942 30 459
2318 51908 -370 -153
2319 51357 223 205
2320 52389 -371 -307
2321 52907 463 223
2322 50850 -389 -19
2323 52426 417 5
2324 52394 -36 -442
2325 53774 200 255
2326 51486 -427 -58
2327 52126 201 46
2328 53662 -345 -314
2329 51296 137 40
2330 52173 -246 -85
2331 51020 432 34
2332 54143 -294 -391
2333 52809 192 211
2334 51365 -314 -119
2335 54999 444 132
2336 51084 -100 -297
2337 51584 18 251
2338 54484 -278 -44
2339 53140 487 57
2340 53664 -98 -261
2341 52767 161 492
2342 54125 -266 -451
2343 50839 417 46
2344 54639 -454 -169
2345 54571 266 100
2346 51871 -174 -91
2347 54523 350 307
2348 53554 -485 -255
2349 53920 360 489
2350 50611 -176 -139
2351 53821 47 266
2352 51922 -193 -142
2353 54940 242 23
2354 51505 -458 -412
2355 50875 325 71
2356 50590 -344 -102
2357 51838 233 141
2358 50248 -117 -361
2359 50142 116 50
2360 50314 -320 -267
2361 50720 323 229
2362 53196 -202 -43
2363 50574 404 404
2364 50654 -338 -160
2365 50580 146 457
2366 52243 -62 -117
2367 50777 216 235
2368 53693 -258 -448
2369 51491 126 235
2370 53485 -374 -459
2371 53888 99 156
2372 52339 -55 -35
2373 54365 120 104
2374 51379 -254 -286
2375 52873 342 212
2376 52495 -22 -124
2377 51338 322 126
2378 50008 -169 -331
2379 52237 108 139
2380 52076 -397 -129
2381 51050 356 278
2382 54687 -78 -441
2383 50034 374 138
2384 54789 -119 -376
2385 53167 424 266
2386 52928 -444 -199
2387 54609 385 43
2388 50490 -485 -264
2389 50791 72 325
2390 54064 -446 -36
2391 52982 254 305
2392 53866 -463 -324
2393 52871 92 451
2394 54787 -383 -163
2395 53654 297 200
2396 52015 -372 -10
2397 51026 437 152
2398 52599 -376 -418
2399 54945 75 214
2400 53229 -326 -455
2401 52729 491 301
2402 54665 -117 -132
2403 53788 151 179
2404 51535 -375 -166
2405 51258 407 292
2406 54171 -185 -293
2407 52892 77 453
2408 53269 -218 -121
2409 52786 119 340
2410 54806 -117 -80
2411 51004 238 22
2412 52931 -65 -38
2413 53547 459 101
2414 54738 -81 -345
2415 52562 335 148
2416 52268 -91 -213
2417 54899 75 46
2418 50351 -295 -488
2419 53014 20 73
2420 50442 -217 -378
2421 51828 272 429
2422 54512 -353 -298
2423 51003 282 136
2424 52210 -33 -328
2425 50890 107 87
2426 54089 -146 -370
2427 51243 1 425
2428 52130 -440 -47
2429 54991 476 385
2430 51373 -196 -235
2431 51783 468 238
2432 53658 -11 -209
2433 54550 56 399
2434 52566 -385 -115
2435 52463 132 161
2436 50110 -327 -201
2437 54428 495 473
2438 54649 -151 -46
2439 52826 458 37
2440 50842 -242 -278
2441 50513 32 287
2442 50835 -411 -326
2443 51915 162 213
2444 53041 -220 -461
2445 54983 272 152
2446 52430 -208 -280
2447 51558 460 280
2448 53248 -359 -163
2449 52872 318 228
2450 54234 -207 -48
2451 51418 462 218
2452 50994 -201 -111
2453 51747 262 299
2454 51286 -125 -268
2455 50086 382 235
2456 51972 -141 -96
2457 50720 312 330
2458 51279 -187 -210
2459 52952 114 199
2460 51015 -154 -490
2461 51863 84 220
2462 51420 -30 -58
2463 50396 198 319
2464 52322 -295 -433
2465 54188 484 37
2466 54105 -367 -320
2467 52831 93 5
2468 54225 -186 -270
2469 50429 157 90
2470 54404 -481 -55
2471 54998 381 141
2472 52701 -356 -460
2473 54007 414 219
2474 53356 -400 -477
2475 50784 390 364
2476 51872 -494 -484
2477 50449 251 492
2478 52273 -340 -5
2479 54682 177 264
2480 50167 -230 -344
2481 53311 245 330
2482 50123 -397 -241
2483 50102 28 449
2484 50853 -180 -481
2485 50408 140 14
2486 52004 -371 -393
2487 51525 302 28
2488 51170 -10 -191
2489 50715 61 48
2490 51655 -483 -2
2491 52924 447 355
2492 51535 -116 -387
2493 52420 184 438
2494 52709 -409 -38
2495 54312 22 316
2496 50476 -480 -177
2497 50709 200 140
2498 50065 -78 -352
2499 52428 457 357
2500 53552 -257 -78
