1 52871 11924 1717
2 50699 22689 36595
3 50595 38710 42191
4 50461 15588 48013
5 54687 44264 32451
6 50085 46576 36702
7 51863 38829 8814
8 50053 39940 24804
9 50477 47602 47590
10 51800 13273 19459
11 52412 8123 42056
12 52051 36010 28778
13 54362 25817 29485
14 54828 4375 2144
15 51171 47694 9598
16 50086 18498 37996
17 53263 13234 48323
18 51854 10925 14911
19 51939 18287 1158
20 52494 23127 35878
21 53960 46636 15892
22 51150 43822 29598
23 52454 34676 4475
24 54775 6559 44185
25 51227 26819 43666
26 54681 5127 12641
27 51494 34484 14278
28 54622 37697 45633
29 52732 5434 15998
30 51468 3893 6907
31 51182 14826 5080
32 50523 33986 23057
33 53336 30887 24917
34 54855 39997 43681
35 50755 29099 30714
36 53733 34133 28837
37 51427 31297 11852
38 50460 35710 2788
39 51549 11365 29763
40 51542 16795 1901
41 52165 36250 23644
42 54971 27904 45502
43 52366 24051 25572
44 52925 14551 38956
45 52496 15937 13882
46 50666 42002 46809
47 51976 38436 30269
48 54894 27670 15856
49 53811 11887 25028
50 53254 18314 22039
51 51378 48463 16901
52 51396 10221 31395
53 54664 47161 2543
54 50398 22606 27513
55 54693 2495 16233
56 53341 47113 35771
57 51097 24542 39566
58 54436 9039 30019
59 50222 24824 45474
60 53859 46828 48099
61 54711 40221 45983
62 52630 43726 40069
63 53340 47599 4517
64 52576 37159 2313
65 51895 216 19304
66 52116 19869 17016
67 51290 11738 27204
68 50952 6738 30508
69 53699 45175 8317
70 53252 36975 7072
71 51521 47906 44021
72 51582 28319 45009
73 52674 5435 43701
74 50087 6536 638
75 52811 31936 36962
76 53874 17095 27551
77 51717 23826 28144
78 52992 32566 41599
79 51401 35008 38183
80 54652 24710 4139
81 50539 39878 5236
82 53970 37404 40315
83 52742 5919 2563
84 51025 20641 16403
85 53025 36327 1911
86 51574 2471 32268
87 54364 24573 33080
88 52381 28563 47448
89 54634 27345 13071
90 52423 18675 3060
91 50558 17883 48539
92 53788 20308 35870
93 50294 37556 44944
94 51673 14446 30286
95 53180 43254 48483
96 50264 16647 15061
97 51722 9237 37179
98 50959 22892 27484
99 52861 16874 2015
100 54169 33915 1162
101 50481 29387 28901
102 54856 42452 35388
103 50381 43942 31707
104 53896 31488 38835
105 54385 12011 6442
106 52539 23680 21271
107 50165 34802 35435
108 54889 24584 47144
109 52808 45074 47979
110 51368 32210 42419
111 53073 42590 37037
112 52167 10409 31886
113 54293 27173 876
114 52954 28165 3075
115 52072 6375 5176
116 50466 7654 31500
117 53630 12776 15016
118 53948 20594 3527
119 51296 15889 14869
120 50284 4269 14826
121 50385 4279 22496
122 51592 42908 38674
123 50297 23867 38270
124 53163 21360 29221
125 50285 11169 4102
126 53628 3330 13744
127 53188 36474 17284
128 51214 39267 6147
129 52099 27049 44901
130 53457 46910 14201
131 52161 16869 30164
132 51714 2321 43786
133 50667 34929 45121
134 53217 19947 47084
135 50400 21332 39182
136 51578 35571 30873
137 52720 8404 23422
138 51622 24555 17643
139 53845 43498 44885
140 50164 27547 13145
141 50917 13370 45512
142 53954 10719 10073
143 54824 15062 29705
144 50284 24351 26862
145 50393 16639 40969
146 54054 17569 42132
147 50079 34818 3085
148 50961 45027 44203
149 53839 33526 13376
150 52573 758 45452
151 51373 44794 42935
152 50830 7055 42074
153 53202 18135 25310
154 54170 20987 13124
155 50851 45756 6095
156 54375 48227 16660
157 51356 42734 8040
158 54642 29905 14711
159 52409 873 22081
160 54669 1835 8003
161 50342 35771 29451
162 50007 4730 16945
163 53397 22259 42622
164 53518 31207 28364
165 50369 46252 13979
166 54342 16006 17200
167 51856 10948 11917
168 51122 27625 628
169 51953 10274 44530
170 54152 44072 1476
171 54782 14071 37730
172 54205 10413 19738
173 51326 43022 24128
174 54885 8612 14938
175 52601 2723 24480
176 54848 15632 27010
177 50099 5087 2312
178 50458 41556 34235
179 53781 7998 8678
180 52077 45306 15153
181 54241 12724 46051
182 52379 28283 29671
183 50258 8831 43332
184 51902 26799 13444
185 51434 21987 44185
186 51102 1092 31896
187 53197 8512 41932
188 54609 3230 39885
189 54018 40444 48668
190 53576 5582 13427
191 52285 10470 18375
192 51959 8262 40766
193 51530 13463 41590
194 52525 19820 48719
195 54815 42427 28978
196 51384 31406 13145
197 54286 6309 42155
198 52714 45786 10353
199 52760 48307 43509
200 51610 29541 25957
201 51971 26152 9339
202 50837 26508 19418
203 53368 14920 45872
204 52962 41204 40608
205 53597 5794 19767
206 53031 32318 33241
207 51813 7898 30011
208 51384 30879 10987
209 51982 47744 14281
210 52403 25257 36548
211 51467 24730 47390
212 51899 41452 3342
213 54208 42557 40185
214 54059 16041 21720
215 52744 2763 20309
216 53579 27472 30377
217 50019 15009 19520
218 53694 11082 43830
219 51517 44718 26564
220 51378 12964 48594
221 50650 29463 537
222 52361 18855 48780
223 54595 32457 33988
224 52635 31087 5759
225 54640 45984 22239
226 53388 22384 3416
227 51562 42137 23277
228 50528 15352 18470
229 54342 26250 46054
230 51852 2484 28764
231 52443 7069 18942
232 53405 45632 11521
233 50331 2674 671
234 51065 40648 12696
235 53131 11430 29703
236 52271 35409 41042
237 52844 14168 25660
238 54173 637 1539
239 52649 46891 6841
240 54847 24747 47565
241 53528 21028 18623
242 52578 47490 46353
243 50067 23967 9028
244 54435 31163 44220
245 54554 14148 32442
246 52131 4630 30651
247 51036 43621 22958
248 54788 17579 40789
249 50105 2238 731
250 51495 40622 18008
251 53096 13459 26951
252 54944 17971 46361
253 51910 43203 5641
254 52587 37570 38310
255 50026 42299 33983
256 53204 33663 37406
257 51198 9218 43602
258 53703 30989 15927
259 54865 32920 10594
260 53641 36766 7695
261 50419 9600 11332
262 50580 16245 17150
263 52617 38636 27588
264 50533 14244 39217
265 54086 36136 24795
266 54711 30851 42927
267 51648 14175 3190
268 53083 8196 41672
269 53570 34940 664
270 53838 21467 42359
271 53608 36388 32193
272 54870 40961 32889
273 51931 26474 12611
274 52491 42190 20004
275 51712 17330 17599
276 54862 43746 42662
277 50833 5632 5373
278 54689 1763 4851
279 54408 29565 996
280 52427 46235 36486
281 51971 14084 20167
282 51481 43311 16474
283 51725 24074 26455
284 51281 4702 38234
285 50614 44894 9491
286 52170 9701 21280
287 54037 29385 28613
288 52558 21688 40983
289 54617 11980 18053
290 53127 11605 48012
291 54233 18956 14713
292 54185 21708 6044
293 50732 5765 15306
294 53781 28104 13971
295 54602 16353 8164
296 52376 4324 25119
297 50329 27536 37642
298 52145 18339 37902
299 54292 15272 1246
300 54307 22922 35645
301 51642 34677 29523
302 52604 11193 32773
303 52496 2871 30131
304 53604 7851 12165
305 53796 39068 8927
306 50884 34243 39039
307 54476 46536 10309
308 52597 48691 48427
309 50130 18994 43070
310 51119 44528 14568
311 51969 6352 33096
312 50079 34231 35099
313 53916 7757 30408
314 51782 2107 32124
315 52034 45509 34449
316 53020 28753 5620
317 54077 37815 34542
318 54898 5106 21261
319 50832 31789 6580
320 54472 40044 5682
321 52388 5092 20534
322 51681 47661 40674
323 50546 10983 39533
324 51305 31297 13085
325 54778 10783 30006
326 50174 13248 45750
327 52800 19749 23435
328 54108 48382 9658
329 50795 3028 45623
330 50193 26081 30747
331 52764 36668 3047
332 53988 21500 14997
333 54219 11761 1544
334 52840 47902 29618
335 50113 35573 12714
336 50711 31016 26370
337 52803 2212 20420
338 54761 1862 41297
339 50301 8146 36109
340 50824 39048 7297
341 52197 47043 36444
342 50667 41837 28408
343 54661 4151 6378
344 52259 24614 29386
345 53368 34299 39639
346 53833 24254 3353
347 53985 24117 14265
348 52097 5856 26183
349 53774 32699 2278
350 54636 35839 22664
351 50921 29711 10889
352 51147 3708 15617
353 51935 10881 42479
354 53514 3711 26970
355 52236 47188 31661
356 53862 29425 48121
357 52892 12108 12908
358 50274 27066 2544
359 54198 41001 34434
360 51931 38165 42715
361 50235 21613 32034
362 53981 11171 3375
363 50492 2784 26262
364 54310 23478 44387
365 53679 14549 23940
366 52701 35123 23614
367 52073 13866 48323
368 50048 760 47531
369 54888 19039 7557
370 52820 15842 29832
371 54444 23009 22503
372 50441 39651 21326
373 54727 21438 45706
374 51891 23031 9762
375 50618 10575 18570
376 52602 30416 7309
377 51307 4724 35846
378 51486 21235 3630
379 53221 31041 29569
380 51274 45072 31478
381 50859 46127 18538
382 53022 40157 13824
383 50132 46943 8734
384 52280 38763 45818
385 50004 8434 25151
386 52375 15093 13616
387 50126 28859 43890
388 51750 46330 33185
389 51487 5294 9723
390 51633 44639 37560
391 53628 15660 23888
392 54305 14038 33516
393 52025 4253 37466
394 52121 47101 43443
395 50420 3163 26676
396 52650 32114 14679
397 53226 37308 4083
398 53380 33981 16041
399 52879 28967 8501
400 52427 5666 2955
401 54055 13026 44568
402 50559 42371 4449
403 54469 11777 16096
404 53895 2865 26343
405 51714 14673 4609
406 53989 4884 20932
407 51657 18452 48104
408 54876 45314 27385
409 50758 28200 240
410 53502 12282 22226
411 52488 18954 8318
412 52896 39441 15905
413 53648 1832 37527
414 52991 3256 43763
415 50639 19023 17902
416 52398 18691 30091
417 51656 36320 3635
418 53609 18803 17568
419 51833 2589 10998
420 50979 3515 14520
421 53542 48333 34036
422 53267 16148 41681
423 51817 16899 30626
424 53177 1537 11784
425 50179 28807 17547
426 54066 29790 14625
427 52961 36431 20823
428 51273 17736 32351
429 53156 20640 5411
430 52706 28545 27709
431 50873 39 41222
432 52889 21780 10504
433 54189 45426 31916
434 50789 17752 36741
435 53475 8187 48793
436 52897 15656 22773
437 51633 9819 45627
438 50550 37894 47767
439 51973 3180 37144
440 52918 8057 25155
441 50812 30873 45479
442 53541 16547 35966
443 52256 20054 164
444 54650 3502 44962
445 50439 33310 41439
446 53666 7791 27249
447 52258 46212 45365
448 52146 27566 35033
449 53254 34623 10358
450 52121 42872 26042
451 52597 41344 7436
452 53981 21255 12067
453 51021 44018 36011
454 50195 20290 30860
455 52876 25588 29871
456 52487 7458 17902
457 50869 31522 4122
458 51515 714 13915
459 54774 37325 22087
460 52864 24709 29648
461 51741 16585 34816
462 50842 21061 12739
463 52645 15100 3666
464 53339 16391 2712
465 51844 18812 10501
466 50260 6995 16698
467 50119 17818 689
468 54470 36792 14338
469 51565 16206 30489
470 51905 16072 28331
471 52639 35803 29209
472 53478 43455 14511
473 54790 35862 9584
474 51874 11098 27988
475 52047 41916 14965
476 52844 29610 18122
477 50655 15728 26471
478 50503 46478 14232
479 53298 14430 4116
480 52009 9846 7173
481 53167 10835 40749
482 54579 20643 24416
483 52800 29061 47800
484 52371 30736 17619
485 53883 35312 17947
486 52334 2587 33665
487 50883 10300 41968
488 51210 11585 36961
489 54122 3534 12062
490 51916 31344 43289
491 53766 6594 10842
492 53964 6415 32312
493 53202 24724 38019
494 50159 13974 339
495 50185 30954 566
496 54421 36036 28849
497 54233 18185 14114
498 51876 18876 36911
499 50978 36273 39543
500 54671 35454 3531
501 51240 345 421
502 51706 -191 -276
503 51126 37 136
504 53529 -390 -125
505 53037 307 324
506 52737 -468 -305
507 54823 303 380
508 50151 -89 -24
509 54011 177 145
510 52166 -154 -340
511 54079 136 277
512 53446 -274 -384
513 52615 19 270
514 52293 -252 -356
515 54103 55 301
516 51065 -298 -377
517 53013 377 301
518 52766 -393 -69
519 50711 263 158
520 52396 -80 -29
521 51507 472 33
522 54334 -434 -163
523 51765 419 61
524 51711 -278 -404
525 53214 491 359
526 50101 -144 -15
527 51694 138 151
528 51681 -299 -370
529 54295 65 229
530 51247 -476 -408
531 54691 234 427
532 54411 -157 -329
533 53669 317 129
534 52069 -325 -88
535 50516 163 326
536 50352 -328 -130
537 53334 336 59
538 50318 -443 -325
539 53291 162 56
540 53215 -230 -97
541 52825 294 51
542 50806 -159 -387
543 52470 269 132
544 50092 -272 -158
545 53695 373 291
546 53148 -146 -486
547 53540 130 442
548 53761 -404 -133
549 52097 44 241
550 52007 -362 -19
551 53099 413 174
552 51408 -228 -42
553 54113 370 449
554 51916 -471 -377
555 51676 262 126
556 51190 -385 -411
557 51817 418 14
558 54277 -218 -468
559 51386 34 98
560 54546 -253 -121
561 53265 286 123
562 50821 -392 -131
563 50678 308 121
564 53539 -369 -256
565 53113 335 117
566 54980 -239 -185
567 51277 234 454
568 50850 -74 -466
569 50174 87 290
570 52033 -234 -269
571 50236 99 354
572 54246 -296 -492
573 52064 116 279
574 51240 -43 -427
575 53847 332 110
576 53385 -31 -474
577 52207 320 155
578 51802 -292 -497
579 50039 69 147
580 54531 -35 -327
581 51995 148 226
582 52347 -133 -26
583 54441 404 417
584 53654 -213 -164
585 50640 90 63
586 52260 -280 -359
587 50647 204 48
588 54201 -117 -473
589 53893 467 220
590 50918 -144 -243
591 51392 149 91
592 50928 -407 -159
593 50028 321 38
594 52287 -384 -215
595 52169 232 460
596 50785 -441 -109
597 50802 369 37
598 53970 -280 -54
599 54127 136 348
600 54829 -485 -18
601 50788 119 31
602 53544 -41 -74
603 51384 276 202
604 53407 -411 -27
605 52315 106 32
606 51036 -117 -123
607 53424 53 400
608 54698 -261 -109
609 52983 490 28
610 53651 -213 -399
611 52455 386 198
612 52516 -122 -288
613 51925 191 397
614 51395 -224 -399
615 50041 246 191
616 54166 -238 -416
617 54419 200 489
618 53863 -25 -138
619 54911 466 300
620 51949 -325 -284
621 51774 1 295
622 54592 -468 -435
623 54396 420 422
624 50969 -260 -204
625 50178 59 104
626 50143 -76 -141
627 52178 478 355
628 53292 -338 -317
629 50635 104 13
630 52281 -379 -452
631 51215 104 249
632 51394 -229 -170
633 54863 218 350
634 51995 -482 -422
635 50232 258 436
636 54601 -207 -443
637 50239 220 98
638 50301 -222 -482
639 53966 314 235
640 51484 -474 -425
641 54521 470 158
642 50800 -118 -144
643 53226 418 420
644 52805 -393 -136
645 51333 265 175
646 50846 -394 -417
647 52188 434 99
648 53765 -12 -384
649 53831 368 281
650 50748 -127 -275
651 50031 43 244
652 52398 -331 -420
653 51418 204 166
654 51672 -376 -304
655 54548 222 8
656 51495 -300 -149
657 51327 340 244
658 51304 -96 -324
659 53235 113 92
660 50800 -109 -104
661 53750 405 306
662 54700 -441 -103
663 53045 371 320
664 51860 -445 -255
665 51163 418 145
666 53322 -351 -138
667 52396 326 175
668 52609 -471 -374
669 53957 193 158
670 54834 -416 -397
671 52223 291 105
672 50858 -63 -273
673 52439 163 435
674 52207 -481 -116
675 51929 307 183
676 51185 -171 -457
677 54035 171 311
678 53687 -130 -421
679 51064 21 20
680 54812 -423 -240
681 52595 413 441
682 54259 -200 -394
683 51685 185 222
684 52057 -134 -30
685 53880 188 270
686 52052 -406 -260
687 51280 378 109
688 51800 -127 -213
689 54965 164 209
690 54081 -363 -451
691 54842 456 336
692 50570 -61 -335
693 54272 456 77
694 51795 -421 -132
695 52741 227 282
696 51301 -259 -51
697 53641 242 471
698 54036 -134 -176
699 50360 89 36
700 53010 -88 -224
701 54520 295 397
702 51019 -403 -385
703 50345 332 88
704 54590 -372 -393
705 54076 76 361
706 53286 -214 -52
707 51964 312 155
708 54880 -377 -349
709 53544 141 259
710 51884 -57 -245
711 52453 121 415
712 54521 -310 -103
713 50535 275 82
714 53545 -158 -4
715 52134 343 142
716 52019 -130 -387
717 50696 84 35
718 54065 -404 -452
719 50615 273 264
720 50780 -421 -402
721 53637 68 148
722 53949 -359 -20
723 51454 472 449
724 51820 -304 -376
725 50444 353 241
726 51188 -101 -89
727 53794 111 166
728 52792 -181 -74
729 52419 382 266
730 51146 -139 -412
731 52223 18 316
732 50578 -177 -69
733 52319 464 358
734 54476 -357 -480
735 50702 28 338
736 51182 -400 -478
737 50444 477 23
738 54467 -199 -102
739 52341 155 179
740 51110 -461 -157
741 53635 255 462
742 50132 -65 -238
743 52802 62 317
744 50896 -50 -294
745 53687 406 231
746 50739 -465 -391
747 51895 416 257
748 53651 -294 -279
749 51187 336 199
750 54325 -25 -344
751 52815 175 185
752 51935 -329 -2
753 50265 222 156
754 53360 -168 -315
755 51120 374 288
756 51423 -381 -78
757 54595 407 274
758 54167 -346 -243
759 52822 254 194
760 51069 -101 -165
761 51031 352 449
762 54221 -369 -216
763 53753 37 159
764 51782 -61 -245
765 53406 13 258
766 51951 -410 -408
767 53904 207 489
768 52021 -30 -268
769 52682 315 363
770 52183 -475 -43
771 54141 68 50
772 50829 -94 -129
773 53582 399 412
774 51200 -225 -39
775 50720 271 322
776 52785 -379 -215
777 50062 296 440
778 53378 -473 -252
779 50563 424 160
780 50494 -408 -484
781 53658 391 254
782 53722 -409 -452
783 54253 203 132
784 52323 -380 -412
785 52806 272 109
786 50568 -200 -257
787 52631 208 340
788 52101 -226 -308
789 53708 143 302
790 50474 -351 -435
791 52254 181 167
792 53152 -123 -432
793 54358 438 256
794 50581 -385 -289
795 54803 276 282
796 51440 -77 -101
797 53644 265 128
798 52852 -5 -372
799 50081 29 317
800 52160 -158 -181
801 54033 162 71
802 54111 -130 -202
803 52208 301 219
804 53057 -349 -369
805 50841 365 418
806 52341 -18 -153
807 51878 453 65
808 50844 -144 -177
809 54719 491 283
810 51195 -468 -214
811 54581 51 319
812 50952 -264 -46
813 51225 401 340
814 54736 -116 -451
815 52207 175 452
816 53419 -196 -229
817 53447 439 212
818 53998 -51 -371
819 54382 470 359
820 53564 -389 -414
821 54045 90 187
822 50711 -399 -67
823 51911 466 44
824 50852 -351 -355
825 52763 18 491
826 51033 -418 -190
827 54860 464 306
828 51563 -5 -413
829 51378 306 317
830 50919 -333 -176
831 53196 251 270
832 51687 -345 -360
833 52656 450 92
834 50484 -159 -378
835 50443 201 214
836 52384 -33 -106
837 53641 19 256
838 54910 -461 -356
839 53208 16 334
840 52888 -23 -299
841 54767 484 462
842 54111 -27 -62
843 52215 68 142
844 51669 -410 -296
845 51851 193 171
846 52596 -410 -177
847 54943 263 355
848 52211 -13 -495
849 52650 292 51
850 50474 -199 -412
851 53629 401 489
852 50932 -262 -341
853 52356 25 445
854 51724 -193 -203
855 52938 455 453
856 54193 -8 -396
857 53552 91 228
858 53950 -284 -149
859 53256 329 400
860 53516 -139 -462
861 54347 321 483
862 51057 -222 -481
863 50984 444 68
864 50817 -499 -78
865 54153 347 356
866 52780 -254 -48
867 53749 101 44
868 52196 -14 -358
869 53991 397 483
870 53247 -213 -85
871 51472 324 425
872 51722 -172 -234
873 52707 462 43
874 51569 -245 -487
875 51546 233 233
876 54835 -250 -35
877 51568 288 75
878 50630 -381 -77
879 51655 241 27
880 50359 -45 -399
881 51246 292 445
882 51955 -203 -425
883 50619 374 38
884 52009 -416 -305
885 53414 417 306
886 53706 -341 -217
887 51487 278 133
888 54389 -179 -429
889 52080 140 479
890 52973 -428 -325
891 52492 218 357
892 53144 -407 -230
893 51447 255 271
894 51663 -186 -119
895 50964 326 222
896 53566 -310 -169
897 51006 472 302
898 54743 -201 -43
899 54795 225 405
900 54528 -288 -288
901 51791 393 79
902 53502 -84 -261
903 53838 131 32
904 51542 -498 -331
905 50300 463 83
906 50047 -457 -253
907 53837 102 252
908 50697 -401 -305
909 52783 61 0
910 51003 -472 -285
911 53613 433 53
912 52543 -402 -148
913 51444 429 352
914 53313 -461 -437
915 51001 205 107
916 50601 -55 -45
917 51890 340 419
918 51214 -253 -468
919 53007 118 79
920 52667 -34 -475
921 53784 323 472
922 53036 -339 -79
923 50370 31 474
924 53218 -22 -445
925 54991 22 408
926 52667 -262 -349
927 53858 395 350
928 52554 -172 -22
929 53055 445 100
930 51035 -137 -72
931 53433 65 296
932 54420 -440 -242
933 52220 255 148
934 50147 0 -286
935 50263 450 16
936 51074 -219 -167
937 50804 107 290
938 51979 -215 -161
939 51921 399 449
940 51968 -58 -459
941 53927 168 24
942 54936 -383 -264
943 53678 35 471
944 52114 -259 -418
945 54595 263 186
946 50365 -432 -296
947 54619 311 143
948 54247 -310 -480
949 53845 389 452
950 53888 -409 -234
951 50711 267 112
952 53045 -25 -464
953 52808 224 117
954 53076 -385 -287
955 50553 260 198
956 54228 -195 -436
957 53351 366 103
958 50712 -243 -374
959 53604 150 473
960 53902 -479 -305
961 54108 368 14
962 54587 -336 -234
963 53218 263 375
964 53730 -133 -129
965 54058 284 254
966 52950 -224 -198
967 52759 278 171
968 54547 -59 -199
969 54026 80 449
970 52275 -166 -180
971 53348 298 438
972 52377 -174 -61
973 51106 8 358
974 50311 -108 -416
975 51164 315 265
976 54297 -410 -31
977 52996 171 242
978 51822 -453 -260
979 52679 21 103
980 52183 -295 -451
981 51739 209 109
982 50139 -83 -326
983 53830 358 119
984 53297 -96 -20
985 52427 160 305
986 53330 -10 -41
987 52946 384 411
988 54809 -293 -257
989 54668 135 66
990 50949 -457 -440
991 54326 388 383
992 54577 -489 -231
993 54371 74 436
994 52402 -35 -111
995 53924 206 329
996 51335 -465 -214
997 53839 32 224
998 53254 -55 -79
999 53584 56 359
1000 51586 -419 -257
1001 51709 455 301
1002 54416 -316 -245
1003 54787 271 418
1004 51573 -30 -69
1005 53984 468 114
1006 52339 -436 -90
1007 53577 355 56
1008 50737 -455 -400
1009 52108 454 424
1010 53572 -215 -165
1011 53861 422 80
1012 54094 -281 -412
1013 50514 312 451
1014 51160 -84 -15
1015 50673 244 430
1016 53177 -81 -359
1017 53697 169 420
1018 51164 -90 -13
1019 52453 128 364
1020 50078 -100 -124
1021 54900 198 176
1022 52169 -201 -41
1023 52662 488 354
1024 52354 -158 -488
1025 51738 427 278
1026 52761 -87 -67
1027 52449 471 483
1028 52231 -301 -85
1029 50526 21 291
1030 51157 -434 -267
1031 50410 361 468
1032 52806 -406 -286
1033 52409 456 408
1034 51139 -337 -349
1035 54414 484 147
1036 54264 -74 -245
1037 50009 443 26
1038 50118 -342 -18
1039 52009 269 57
1040 53983 -331 -302
1041 53781 26 156
1042 51282 -317 -193
1043 50526 74 26
1044 52928 -232 -393
1045 53145 105 238
1046 50086 -154 -338
1047 54653 27 126
1048 51802 -165 -31
1049 52142 200 411
1050 52346 -14 -359
1051 50530 11 126
1052 51531 -492 -487
1053 51561 8 302
1054 50041 -444 -393
1055 50773 213 45
1056 50731 -177 -228
1057 52619 120 201
1058 54684 -438 -97
1059 53793 325 157
1060 50415 -215 -224
1061 51828 71 364
1062 51880 -152 -257
1063 54938 151 79
1064 51640 -163 -201
1065 52533 318 310
1066 52927 -465 -165
1067 54285 472 33
1068 54935 -79 -407
1069 50997 460 364
1070 52067 -34 -309
1071 54455 52 338
1072 53144 -331 -447
1073 52164 251 315
1074 51798 -212 -96
1075 50018 336 229
1076 50763 -458 -122
1077 53853 132 111
1078 50086 -474 -372
1079 54021 76 148
1080 52071 -417 -186
1081 53501 206 366
1082 53429 -460 -317
1083 50745 292 155
1084 52896 -476 -157
1085 54547 223 129
1086 53422 -162 -310
1087 53054 381 98
1088 53927 -419 -163
1089 50713 452 129
1090 53035 -213 -446
1091 53810 437 117
1092 54192 -364 -363
1093 50695 169 331
1094 53886 -352 -489
1095 51147 452 120
1096 54206 -302 -57
1097 54728 414 137
1098 50229 -224 -58
1099 50975 138 346
1100 50717 -16 -227
1101 52002 435 6
1102 54914 -270 -146
1103 51642 401 251
1104 52298 -446 -344
1105 54472 216 26
1106 52692 -312 -433
1107 52135 181 418
1108 54131 -120 -53
1109 54175 103 298
1110 50718 -470 -334
1111 50809 53 41
1112 53469 -442 -475
1113 52006 190 246
1114 50287 -219 -186
1115 51540 270 393
1116 53926 -474 -236
1117 50099 162 306
1118 52210 -382 -339
1119 53657 326 380
1120 52770 -478 -361
1121 51149 306 47
1122 54386 -364 -234
1123 52965 165 392
1124 50279 -58 -149
1125 52726 409 143
1126 54411 -383 -76
1127 52601 214 358
1128 51792 -486 -342
1129 54938 35 134
1130 53563 -333 -445
1131 54949 482 123
1132 53331 -45 -170
1133 54196 307 377
1134 52990 -72 -478
1135 50817 361 229
1136 53998 -440 -318
1137 53719 379 367
1138 51967 -456 -32
1139 51613 393 129
1140 51506 -43 -174
1141 54788 83 350
1142 52886 -213 -235
1143 51464 350 84
1144 54348 -362 -164
1145 53208 324 71
1146 51302 -348 -423
1147 51690 209 256
1148 51388 -196 -446
1149 50208 68 342
1150 54110 -478 -100
1151 53602 260 237
1152 50096 -295 -466
1153 52851 124 428
1154 52260 -19 -111
1155 52046 130 213
1156 51183 -241 -461
1157 51397 456 336
1158 52223 -345 -183
1159 54734 207 204
1160 54449 -242 -322
1161 54465 318 320
1162 53201 -136 -102
1163 52660 311 350
1164 51478 -356 -391
1165 51713 238 30
1166 54213 -215 -53
1167 51886 107 442
1168 51013 -82 -308
1169 50948 111 21
1170 53636 -377 -352
1171 52778 347 258
1172 50801 -16 -496
1173 52883 448 20
1174 54020 -283 -447
1175 53115 296 284
1176 51613 -166 -471
1177 54587 347 343
1178 52043 -237 -110
1179 52333 427 96
1180 52318 -421 -312
1181 51822 76 393
1182 50477 -20 -203
1183 51804 442 463
1184 53237 -268 -70
1185 51423 452 341
1186 53183 -136 -175
1187 51062 69 386
1188 50515 -138 -182
1189 50474 479 385
1190 51493 -336 -490
1191 53180 157 191
1192 52608 -203 -324
1193 50868 245 240
1194 54208 -135 -212
1195 54563 448 193
1196 50054 -387 -346
1197 52583 136 330
1198 51579 -44 -87
1199 54713 193 146
1200 54413 -84 -315
1201 51635 306 45
1202 53780 -309 -8
1203 51385 202 431
1204 50778 -45 -215
1205 52146 250 54
1206 54412 -339 -154
1207 53710 278 70
1208 54990 -371 -50
1209 52361 473 240
1210 52779 -38 -144
1211 53740 455 353
1212 52889 -499 -289
1213 52937 387 176
1214 50448 -458 -194
1215 51326 98 353
1216 51101 -16 -23
1217 51984 198 292
1218 50611 -437 -412
1219 52770 435 120
1220 50650 -449 -8
1221 51178 443 207
1222 53263 -89 -409
1223 53110 90 244
1224 52566 -310 -84
1225 53044 193 418
1226 53865 -322 -496
1227 54660 72 445
1228 52590 -327 -389
1229 52659 462 60
1230 52585 -450 -242
1231 52126 43 1
1232 53086 -96 -166
1233 54425 93 279
1234 53822 -81 -354
1235 52749 184 346
1236 53422 -453 -254
1237 51556 260 177
1238 50814 -88 -405
1239 51532 149 420
1240 52041 -167 -300
1241 51970 456 396
1242 51498 -68 -37
1243 54502 234 452
1244 50677 -64 -163
1245 54324 56 113
1246 51889 -41 -196
1247 53669 120 351
1248 54835 -492 -22
1249 50036 49 188
1250 51069 -242 -207
1251 51443 41 63
1252 51104 -285 -473
1253 53508 381 195
1254 50204 -335 -198
1255 50525 434 17
1256 53682 -32 -443
1257 53163 76 151
1258 53598 -118 -185
1259 54523 183 223
1260 52205 -411 -481
1261 53106 19 198
1262 53897 -439 -420
1263 52578 362 219
1264 54709 -436 -206
1265 54511 449 321
1266 52090 -233 -280
1267 54978 190 78
1268 53730 -231 -326
1269 54247 213 149
1270 53842 -89 -116
1271 51089 405 474
1272 53022 -359 -470
1273 51925 377 256
1274 54755 -147 -418
1275 52139 170 408
1276 51631 -50 -428
1277 51457 65 20
1278 51433 -325 -372
1279 51181 101 128
1280 52760 -315 -438
1281 52978 348 42
1282 50223 -376 -70
1283 53686 378 378
1284 53550 -309 -404
1285 53107 340 486
1286 52829 -272 -110
1287 50657 415 266
1288 52622 -186 -387
1289 53236 106 114
1290 51643 -217 -492
1291 54721 47 480
1292 53953 -367 -154
1293 54904 129 384
1294 50669 -443 -373
1295 53148 109 97
1296 53357 -129 -305
1297 53080 374 201
1298 54273 -263 -295
1299 54265 154 261
1300 50439 -54 -287
1301 51871 233 211
1302 53247 -424 -256
1303 50989 386 253
1304 53875 -106 -160
1305 50198 107 57
1306 51978 -358 -172
1307 51288 462 138
1308 54304 -355 -21
1309 54012 131 410
1310 52687 -112 -423
1311 50168 16 271
1312 51544 -88 -378
1313 51134 470 229
1314 53753 -2 -267
1315 52388 331 120
1316 52664 -337 -245
1317 53000 366 183
1318 50164 -5 -345
1319 51155 333 345
1320 52901 -139 -473
1321 53599 63 471
1322 53442 -386 -121
1323 50277 147 150
1324 53093 -424 -129
1325 50581 441 379
1326 53654 -20 -200
1327 52833 175 63
1328 53924 -94 -497
1329 53760 284 257
1330 51029 -417 -119
1331 54559 362 164
1332 51172 -299 -277
1333 54691 298 72
1334 51005 -71 -200
1335 50102 63 244
1336 50540 -306 -402
1337 53099 31 90
1338 52768 -494 -215
1339 50350 488 371
1340 52966 -416 -340
1341 54302 108 367
1342 53903 -379 -249
1343 52015 40 34
1344 50376 -167 -145
1345 52907 67 352
1346 50112 -302 -145
1347 50473 362 172
1348 53420 -3 -170
1349 54422 186 181
1350 53666 -495 -78
1351 51338 140 305
1352 53701 -422 -112
1353 52105 443 305
1354 52698 -438 -278
1355 52172 413 5
1356 54240 -457 -212
1357 54682 291 482
1358 52231 -85 -272
1359 53231 411 365
1360 51607 -15 -216
1361 53355 271 464
1362 53038 -211 -401
1363 50094 339 278
1364 54176 -323 -279
1365 51437 400 183
1366 52619 -260 -394
1367 54172 458 294
1368 54005 -487 -159
1369 50805 71 392
1370 53238 -154 -479
1371 54296 85 234
1372 54075 -209 -408
1373 53529 209 420
1374 51441 -261 -35
1375 53610 466 25
1376 53451 -184 -265
1377 54825 35 78
1378 54875 -274 -94
1379 51951 276 400
1380 54995 -23 -418
1381 52828 185 331
1382 51268 -339 -40
1383 51953 475 399
1384 51429 -362 -440
1385 52521 448 202
1386 52037 -463 -244
1387 52873 114 295
1388 53287 -141 -302
1389 52777 184 23
1390 54623 -101 -219
1391 51063 44 325
1392 50201 -484 -233
1393 52019 203 124
1394 50750 -420 -342
1395 54112 218 257
1396 50400 -421 -483
1397 52541 48 379
1398 52643 -191 -490
1399 50609 282 114
1400 53945 -104 -440
1401 51201 333 444
1402 54089 -347 -354
1403 52617 71 408
1404 52952 -42 -160
1405 53835 299 28
1406 50685 -455 -27
1407 53155 65 408
1408 52980 -427 -392
1409 52264 286 154
1410 51114 -39 -201
1411 52098 442 150
1412 51441 -191 -289
1413 54900 377 195
1414 50811 -458 -45
1415 53877 275 245
1416 54465 -299 -371
1417 51294 68 181
1418 50565 -432 -87
1419 53988 371 121
1420 53482 -119 -339
1421 50605 388 205
1422 54699 -232 -172
1423 50541 486 35
1424 52730 -157 -88
1425 54033 276 94
1426 52393 -217 -309
1427 52556 43 308
1428 54059 -224 -214
1429 53890 361 468
1430 50604 -180 -363
1431 50422 406 237
1432 53046 -248 -40
1433 52668 144 291
1434 50495 -340 -70
1435 52470 232 271
1436 51784 -117 -469
1437 54900 100 183
1438 51868 -337 -317
1439 52093 460 430
1440 50527 -387 -304
1441 52588 397 401
1442 50796 -443 -156
1443 52435 184 295
1444 53298 -343 -386
1445 53501 13 37
1446 51586 -390 -344
1447 50114 83 34
1448 51239 -136 -424
1449 50442 135 381
1450 54196 -249 -242
1451 50435 311 165
1452 54165 -164 -88
1453 53640 159 294
1454 51494 -332 -249
1455 51975 350 163
1456 50447 -116 -452
1457 54065 424 436
1458 52892 -294 -82
1459 51860 34 298
1460 50201 -270 -80
1461 51636 166 183
1462 51622 -260 -427
1463 50487 198 457
1464 51618 -98 -264
1465 50375 258 165
1466 50744 -119 -387
1467 50198 387 230
1468 51377 -325 -6
1469 50028 46 176
1470 51731 -480 -375
1471 54580 256 337
1472 51562 -144 -386
1473 50844 146 282
1474 54424 -141 -423
1475 54893 86 263
1476 53599 -86 -353
1477 54264 9 261
1478 50341 -214 -309
1479 52575 399 432
1480 52153 -27 -247
1481 54996 142 353
1482 51706 -137 -331
1483 52959 366 82
1484 51132 -305 -60
1485 51726 61 136
1486 54290 -264 -323
1487 50387 81 497
1488 54278 -161 -470
1489 54932 276 7
1490 53802 -214 -202
1491 50473 495 87
1492 51680 -112 -99
1493 54497 316 255
1494 51191 -431 -31
1495 51300 188 212
1496 54534 -445 -193
1497 50151 412 275
1498 52947 -497 -328
1499 51442 103 66
1500 51480 -480 -185
1501 54460 444 472
1502 50816 -375 -481
1503 50819 292 383
1504 53581 -186 -49
1505 53181 40 169
1506 54460 -371 -305
1507 50752 465 359
1508 53866 -51 -21
1509 51410 9 262
1510 53442 -325 -192
1511 54194 402 301
1512 53558 -465 -403
1513 51665 483 401
1514 51933 -5 -89
1515 53315 162 377
1516 51911 -413 -213
1517 54876 125 247
1518 54230 -396 -451
1519 54113 373 49
1520 54516 -8 -16
1521 51999 399 459
1522 53545 -244 -5
1523 54869 117 244
1524 54495 -300 -243
1525 53995 484 179
1526 52877 -420 -149
1527 54878 349 440
1528 50151 -160 -364
1529 51256 333 361
1530 50967 -157 -393
1531 52805 49 333
1532 50829 -387 -104
1533 52043 349 473
1534 53139 -411 -193
1535 52668 304 242
1536 53894 -457 -477
1537 52591 315 251
1538 54879 -450 -270
1539 51385 205 177
1540 50703 -155 -87
1541 51311 113 389
1542 53654 -380 -131
1543 52545 40 357
1544 50809 -262 -477
1545 52625 458 466
1546 52282 -256 -190
1547 52887 273 77
1548 51446 -172 -302
1549 51945 22 133
1550 53240 -309 -110
1551 51586 4 154
1552 54122 -442 -347
1553 50932 11 210
1554 54574 -174 -236
1555 51580 66 205
1556 54374 -272 -4
1557 53263 196 354
1558 50185 -59 -486
1559 52811 301 261
1560 53527 -119 -469
1561 51629 413 67
1562 51836 -227 -263
1563 52205 185 32
1564 51453 -142 -234
1565 50948 123 3
1566 52838 -203 -366
1567 52455 134 260
1568 51796 -261 -83
1569 53538 128 14
1570 51611 -411 -119
1571 50510 88 315
1572 52461 -35 -259
1573 51171 278 288
1574 52177 -418 -45
1575 51294 368 373
1576 51417 -288 -62
1577 54068 300 310
1578 51413 -195 -71
1579 54395 291 383
1580 54525 -338 -429
1581 53572 181 239
1582 51280 -412 -82
1583 52432 362 165
1584 51371 -489 -92
1585 54399 26 291
1586 50516 -283 -87
1587 53881 226 12
1588 53338 -217 -472
1589 52918 393 115
1590 53516 -350 -287
1591 53720 90 298
1592 52837 -299 -51
1593 52182 333 375
1594 50181 -159 -431
1595 52717 214 386
1596 53089 -338 -365
1597 51149 45 290
1598 54115 -110 -377
1599 54620 482 309
1600 52615 -363 -72
1601 54961 111 318
1602 51643 -477 -222
1603 50819 27 465
1604 50985 -205 -486
1605 53489 370 178
1606 53379 -414 -443
1607 53280 383 74
1608 54980 -362 -306
1609 53961 344 19
1610 54392 -84 -267
1611 53202 50 24
1612 51066 -422 -80
1613 54591 420 390
1614 51845 -273 -358
1615 50540 181 357
1616 53192 -202 -475
1617 54993 40 272
1618 53526 -444 -142
1619 53249 325 187
1620 51260 -490 -82
1621 54208 56 434
1622 50161 -181 -174
1623 53946 160 194
1624 50979 -53 -188
1625 50901 433 354
1626 52249 -200 -485
1627 53689 463 98
1628 51822 -170 -401
1629 52879 126 239
1630 53895 -166 -334
1631 50046 129 171
1632 52040 -352 -490
1633 50496 44 184
1634 50189 -306 -40
1635 53830 450 199
1636 50408 -493 -266
1637 53087 342 426
1638 54455 -1 -249
1639 51871 301 126
1640 50927 -273 -472
1641 51217 103 143
1642 51410 -321 -56
1643 51677 202 221
1644 54874 -163 -24
1645 54512 283 165
1646 54476 -393 -483
1647 53104 497 115
1648 51333 -248 -346
1649 54225 406 353
1650 51658 -102 -432
1651 53261 101 313
1652 51418 -480 -253
1653 54044 344 153
1654 53208 -266 -242
1655 50182 305 119
1656 51086 -92 -403
1657 53949 470 66
1658 54995 -141 -223
1659 54544 493 23
1660 50705 -233 -430
1661 52049 359 340
1662 52481 -197 -363
1663 52657 176 284
1664 54613 -146 -227
1665 52495 269 105
1666 52670 -490 -420
1667 54194 90 162
1668 54671 -159 -177
1669 53845 273 155
1670 54111 -182 -77
1671 54171 41 430
1672 52703 -332 -333
1673 51339 244 89
1674 52734 -188 -373
1675 54452 83 74
1676 53814 -420 -43
1677 54007 359 252
1678 52416 -72 -416
1679 50347 166 349
1680 51822 -498 -358
1681 50461 399 33
1682 53884 -469 -33
1683 52814 386 293
1684 54864 -74 -425
1685 51780 133 414
1686 53291 -18 -364
1687 51052 190 424
1688 51844 -91 -279
1689 51107 376 277
1690 54776 -4 -433
1691 54332 371 291
1692 53093 -151 -199
1693 53234 164 137
1694 54791 -442 -188
1695 54331 221 125
1696 52916 -180 -337
1697 54332 376 21
1698 51403 -205 -2
1699 50176 192 362
1700 52951 -123 -299
1701 53400 12 250
1702 50956 -206 -115
1703 53908 466 73
1704 50721 -281 -334
1705 50489 321 151
1706 54988 -435 -480
1707 52385 407 279
1708 51728 -74 -132
1709 53441 297 32
1710 50693 -234 -415
1711 52708 32 37
1712 51871 -44 -227
1713 52920 140 113
1714 50927 -308 -352
1715 51061 121 111
1716 52002 -460 -381
1717 51305 74 129
1718 51312 -307 -447
1719 51772 497 349
1720 53070 0 -471
1721 51079 208 278
1722 53937 -114 -3
1723 54420 472 415
1724 52374 -211 -199
1725 52959 9 131
1726 51211 -86 -478
1727 54819 269 101
1728 51357 -76 -408
1729 53863 365 371
1730 53369 -359 -336
1731 52981 23 113
1732 53357 -238 -389
1733 52999 477 325
1734 52598 -233 -417
1735 52033 19 421
1736 52432 -100 -336
1737 50368 25 466
1738 52781 -205 -198
1739 53048 76 185
1740 50800 -192 -239
1741 54732 21 349
1742 53029 -350 -92
1743 50074 233 44
1744 54824 -372 -108
1745 53147 198 297
1746 54837 -300 -140
1747 54890 357 484
1748 53681 -491 -148
1749 51832 198 238
1750 50628 -181 -371
1751 53411 173 260
1752 53577 -336 -254
1753 50325 434 50
1754 53231 -158 -93
1755 52736 358 127
1756 53309 -16 -91
1757 54598 197 337
1758 51982 -159 -332
1759 50489 41 370
1760 51159 -32 -481
1761 52031 398 329
1762 53250 -399 -384
1763 52194 469 471
1764 54429 -23 -220
1765 50635 94 51
1766 50132 -376 -155
1767 51867 122 166
1768 51329 -124 -120
1769 51042 427 102
1770 50549 -48 -144
1771 54478 321 470
1772 52573 -131 -18
1773 50239 88 216
1774 53395 -314 -145
1775 53673 398 58
1776 54985 -65 -284
1777 52999 65 25
1778 52026 -321 -217
1779 51540 417 24
1780 53610 -444 -200
1781 53083 186 31
1782 54843 -109 -192
1783 50065 23 90
1784 51129 -243 -248
1785 54277 446 250
1786 51336 -35 -441
1787 51799 79 387
1788 54497 -50 -498
1789 51742 365 358
1790 54991 -461 -409
1791 54260 101 428
1792 54513 0 -178
1793 50276 220 402
1794 53002 -416 -114
1795 51438 255 2
1796 51613 -230 -158
1797 52993 461 439
1798 54111 -326 -291
1799 51468 373 306
1800 52855 -322 -486
1801 53524 206 18
1802 53949 -330 -472
1803 54248 220 203
1804 52335 -165 -218
1805 50593 413 467
1806 53558 -82 -322
1807 50389 194 256
1808 51308 -282 -443
1809 54945 193 319
1810 54924 -341 -97
1811 50779 251 175
1812 51062 -30 -152
1813 53677 209 20
1814 53881 -347 -391
1815 53025 449 445
1816 54208 -424 -270
1817 53576 6 301
1818 54831 -358 -364
1819 50613 261 61
1820 54744 -365 -214
1821 52583 302 190
1822 54090 -473 -326
1823 52584 172 281
1824 54906 -35 -190
1825 50234 55 200
1826 51220 -361 -7
1827 52079 47 330
1828 53101 -422 -150
1829 52503 145 353
1830 51671 -271 -262
1831 51993 307 58
1832 53237 -474 -449
1833 50828 368 499
1834 54649 -132 -64
1835 51291 74 450
1836 51294 -194 -96
1837 54786 371 248
1838 51442 -222 -464
1839 50198 10 166
1840 54368 -406 -225
1841 54801 446 145
1842 50786 -432 -396
1843 54243 303 160
1844 54666 -253 -256
1845 50378 403 233
1846 50545 -382 -160
1847 54123 417 60
1848 51688 -109 -422
1849 54431 106 34
1850 51478 -148 -54
1851 54098 72 156
1852 52267 -331 -47
1853 54293 342 429
1854 54601 -347 -234
1855 51632 2 315
1856 54503 -77 -401
1857 51968 489 263
1858 52521 -109 -308
1859 52795 467 77
1860 53419 -31 -465
1861 52313 164 115
1862 54639 -247 -1
1863 54940 322 210
1864 51144 -11 -360
1865 50092 336 115
1866 53465 -353 -122
1867 54697 442 126
1868 53988 -165 -5
1869 53836 200 36
1870 50329 -437 -208
1871 54401 442 256
1872 54065 -171 -265
1873 50462 70 2
1874 51656 -281 -122
1875 50011 314 492
1876 54323 -459 -30
1877 51569 194 205
1878 51374 -3 -334
1879 52481 47 168
1880 51889 -95 -38
1881 53017 355 483
1882 53467 -458 -293
1883 53842 373 443
1884 52300 -398 -463
1885 51271 394 136
1886 53723 -70 -419
1887 52786 435 100
1888 50181 -333 -153
1889 53091 123 113
1890 50873 -377 -126
1891 53634 247 375
1892 51780 -335 -262
1893 51734 70 359
1894 52341 -222 -215
1895 50815 12 365
1896 54886 -347 -338
1897 51384 147 129
1898 52752 -240 -418
1899 54549 281 464
1900 54210 -147 -44
1901 52602 479 78
1902 51846 -481 -475
1903 54337 428 428
1904 50206 -457 -22
1905 52379 88 123
1906 52510 -134 -495
1907 54962 287 495
1908 50953 -155 -19
1909 51860 440 163
1910 52325 -119 -490
1911 54227 228 76
1912 53292 -460 -282
1913 53335 373 373
1914 53667 -14 -159
1915 53440 231 389
1916 51707 -387 -4
1917 54662 391 18
1918 51110 -57 -373
1919 52277 430 14
1920 51044 -396 -396
1921 54980 29 63
1922 54311 -153 -459
1923 53357 227 174
1924 52636 -127 -375
1925 54159 292 64
1926 50589 -448 -7
1927 50667 437 120
1928 54008 -285 -52
1929 54530 328 70
1930 51817 -106 -360
1931 51254 409 402
1932 52196 -392 -143
1933 52169 347 494
1934 53420 -380 -127
1935 50259 171 360
1936 51253 -457 -164
1937 53020 81 92
1938 52401 -462 -393
1939 54459 320 53
1940 52580 -33 -332
1941 53368 359 285
1942 50943 -65 -365
1943 52869 252 409
1944 51115 -354 -30
1945 50776 347 89
1946 51318 -130 -456
1947 50662 33 108
1948 52789 -188 -230
1949 53976 407 368
1950 51916 -232 -245
1951 51591 121 317
1952 51335 -439 -26
1953 50435 27 113
1954 53616 -27 -258
1955 53084 206 61
1956 53950 -26 -404
1957 51902 361 346
1958 53055 -388 -223
1959 53658 17 155
1960 52368 -486 -396
1961 51281 400 190
1962 51402 -88 -259
1963 51497 157 328
1964 54737 -278 -368
1965 54600 262 123
1966 52361 -282 -207
1967 50295 111 145
1968 51146 -458 -279
1969 52834 309 136
1970 52010 -163 -157
1971 52046 204 431
1972 50034 -53 -306
1973 51465 336 401
1974 53025 -72 -115
1975 53207 476 352
1976 50983 -484 -261
1977 51153 107 260
1978 51388 -361 -431
1979 51955 150 35
1980 50014 -415 -293
1981 51563 488 487
1982 53908 -279 -26
1983 50517 298 191
1984 52575 -420 -32
1985 54141 249 495
1986 54375 -418 -303
1987 51276 179 352
1988 54198 -415 -219
1989 52611 105 216
1990 50530 -160 -433
1991 50291 430 444
1992 53892 -162 -421
1993 54849 65 297
1994 53252 -25 -285
1995 52538 238 150
1996 51508 -285 -76
1997 51453 283 211
1998 53798 -470 -18
1999 54257 192 133
2000 50395 -215 -165
2001 52154 83 468
2002 52087 -81 -383
2003 53315 389 361
2004 53277 -190 -216
2005 51893 135 14
2006 54999 -175 -430
2007 54828 142 371
2008 52015 -496 -430
2009 54341 320 191
2010 53569 -425 -264
2011 52819 94 72
2012 54189 -221 -258
2013 50857 238 40
2014 53758 -434 -275
2015 50970 55 172
2016 54117 -268 -303
2017 53920 231 175
2018 50170 -61 -389
2019 52578 115 15
2020 50528 -211 -180
2021 51722 8 149
2022 50830 -366 -63
2023 53079 346 21
2024 53741 -222 -486
2025 51907 0 12
2026 52743 -53 -421
2027 54611 338 206
2028 50357 -57 -220
2029 52785 458 226
2030 52122 -458 -29
2031 53002 288 443
2032 50586 -111 -484
2033 51437 228 480
2034 52301 -98 -444
2035 51246 381 353
2036 53602 -26 -65
2037 54127 244 322
2038 51635 -445 -195
2039 53761 223 129
2040 50225 -14 -89
2041 52032 190 207
2042 52921 -311 -26
2043 53092 1 462
2044 50695 -185 -30
2045 54960 92 88
2046 50346 -299 -382
2047 52756 164 141
2048 50155 -460 -270
2049 54518 18 479
2050 52205 -15 -491
2051 51738 213 295
2052 50651 -206 -292
2053 52078 153 282
2054 51870 -358 -61
2055 54977 317 292
2056 51168 -447 -336
2057 53718 38 222
2058 51282 -267 -419
2059 50846 174 16
2060 51791 -349 -287
2061 53491 56 485
2062 51481 -122 -401
2063 52880 472 386
2064 54187 -316 -363
2065 52412 15 131
2066 50853 0 -275
2067 52473 299 103
2068 52309 -327 -131
2069 51534 461 450
2070 50521 -155 -182
2071 52069 326 30
2072 50542 -210 -57
2073 53725 130 466
2074 52671 -267 -113
2075 52569 201 56
2076 53844 -79 -232
2077 52168 328 216
2078 54530 -493 -176
2079 52086 114 326
2080 50229 -155 -122
2081 53197 59 243
2082 52254 -140 -32
2083 50194 288 289
2084 51111 -111 -448
2085 54192 138 11
2086 54071 -80 -49
2087 53257 372 412
2088 54252 -19 -337
2089 54683 255 234
2090 50713 -150 -367
2091 50512 287 131
2092 54824 -57 -253
2093 52900 150 279
2094 51616 -300 -343
2095 53220 114 333
2096 54127 -71 -447
2097 51160 55 325
2098 53725 -321 -26
2099 50144 436 415
2100 51315 -81 -80
2101 53183 205 488
2102 50224 -236 -349
2103 51567 71 162
2104 53435 -321 -264
2105 53983 348 202
2106 54209 -302 -48
2107 52885 61 329
2108 50040 -126 -57
2109 51798 161 253
2110 54142 -44 -292
2111 50852 99 433
2112 50033 -163 -149
2113 50984 274 306
2114 54186 -236 -237
2115 54032 30 269
2116 51742 -149 -192
2117 53999 378 142
2118 52989 -96 -283
2119 52864 238 492
2120 53281 -366 -214
2121 50715 147 77
2122 52457 -158 -416
2123 50828 378 10
2124 52902 -365 -48
2125 54972 442 73
2126 51583 -84 -72
2127 54214 266 238
2128 54604 -431 -126
2129 52916 10 28
2130 54439 -176 -396
2131 52006 400 307
2132 54893 -246 -436
2133 53153 29 406
2134 53546 -201 -87
2135 54897 68 29
2136 54930 -490 -36
2137 52562 52 256
2138 52772 -458 -174
2139 50335 15 98
2140 51784 -236 0
2141 53185 168 18
2142 54568 -375 -364
2143 51448 270 493
2144 54454 -107 -218
2145 51429 121 276
2146 54013 -192 -169
2147 51901 326 325
2148 51396 -493 -58
2149 54902 218 224
2150 50746 -286 -181
2151 54172 416 254
2152 54213 -19 -60
2153 53648 194 386
2154 54500 -62 -296
2155 54217 0 56
2156 54270 -108 -482
2157 51698 87 359
2158 50711 -308 -128
2159 52011 37 323
2160 52336 -482 -63
2161 51732 76 440
2162 51044 -9 -331
2163 52871 76 76
2164 50640 -321 -399
2165 51586 267 83
2166 50066 -158 -224
2167 53072 90 287
2168 51844 -388 -244
2169 52582 123 400
2170 50936 -315 0
2171 51628 174 67
2172 53170 -442 -368
2173 53529 311 430
2174 50776 -274 -352
2175 53930 451 262
2176 50252 -356 -300
2177 52256 17 154
2178 52258 -31 -163
2179 53865 41 4
2180 54590 -467 -7
2181 50238 404 113
2182 54648 -468 -398
2183 50256 79 431
2184 50049 -233 -204
2185 51763 219 212
2186 53719 -324 -479
2187 52737 354 372
2188 51318 -135 -222
2189 53832 374 208
2190 53119 -154 -459
2191 54319 259 475
2192 53677 -440 -470
2193 53740 463 438
2194 50096 -83 -80
2195 53318 197 222
2196 52920 -300 -315
2197 53201 108 169
2198 51815 -331 -388
2199 52527 37 335
2200 51020 -92 -299
2201 54288 241 329
2202 50511 -93 -288
2203 53569 236 72
2204 50132 -109 -37
2205 53247 202 78
2206 50125 -20 -427
2207 52486 104 470
2208 53370 -228 -332
2209 50820 480 116
2210 53334 -22 -442
2211 53057 71 144
2212 51338 -357 -33
2213 51033 337 466
2214 52523 -281 -242
2215 51159 376 233
2216 50709 -388 -7
2217 52120 373 148
2218 50541 -94 -280
2219 50089 355 403
2220 54103 -63 -174
2221 53329 73 201
2222 52220 -26 -499
2223 52964 468 103
2224 52725 -187 -399
2225 50759 18 50
2226 53101 -479 -413
2227 54508 228 83
2228 50189 -19 -81
2229 54722 376 232
2230 50217 -358 -156
2231 53940 183 450
2232 53014 -243 -325
2233 51122 261 81
2234 53163 -341 -483
2235 52829 31 479
2236 54061 -492 -92
2237 53581 201 296
2238 51150 -12 -321
2239 52150 101 304
2240 51225 -390 -476
2241 54664 122 208
2242 50856 -322 -91
2243 50502 76 437
2244 52048 -79 -212
2245 50149 254 287
2246 50785 -18 -495
2247 50754 204 450
2248 53751 -472 -110
2249 54331 396 303
2250 52817 -132 -498
2251 53858 68 140
2252 51216 -325 -285
2253 54161 167 144
2254 52122 -215 -21
2255 51303 354 127
2256 54767 -252 -478
2257 51929 395 351
2258 51954 -258 -16
2259 54497 362 89
2260 52311 -340 -459
2261 53020 28 44
2262 51559 -261 -356
2263 53948 385 184
2264 54304 -161 -392
2265 50340 312 452
2266 53645 -291 -226
2267 51810 299 283
2268 51986 -383 -299
2269 51095 426 410
2270 54888 -12 -26
2271 52303 97 220
2272 52772 -473 -471
2273 50303 201 447
2274 51467 -493 -466
2275 50195 301 200
2276 54265 -304 -416
2277 52076 77 281
2278 52784 -230 -443
2279 50055 238 121
2280 51220 -407 -263
2281 51384 326 415
2282 53736 -102 -352
2283 50895 333 316
2284 51549 -37 -245
2285 51893 411 218
2286 53471 -259 -319
2287 50429 477 235
2288 51921 -88 -487
2289 50202 274 43
2290 54713 -442 -58
2291 52632 305 87
2292 53389 -498 -136
2293 52469 385 420
2294 51534 -303 -403
2295 50911 411 61
2296 51599 -233 -362
2297 50100 224 377
2298 51097 -92 -482
2299 50696 434 380
2300 51075 -381 -311
2301 51055 276 32
2302 50325 -107 -184
2303 53406 47 138
2304 51440 -139 -118
2305 52916 477 154
2306 52903 -182 -232
2307 53830 278 281
2308 53599 -45 -392
2309 54335 483 257
2310 50050 -316 -262
2311 52019 163 50
2312 51135 -453 -394
2313 53644 399 340
2314 51699 -227 -249
2315 51318 297 489
2316 54671 -309 -452
2317 50815 91 265
2318 50435 -494 -409
2319 51353 224 359
2320 52268 -114 -345
2321 54843 126 315
2322 53856 -413 -398
2323 52837 21 301
2324 52170 -213 -335
2325 53058 249 12
2326 51144 -376 -209
2327 50080 442 176
2328 51747 -229 -234
2329 51399 18 282
2330 50850 -433 -264
2331 53500 153 471
2332 51162 -341 -364
2333 51103 157 495
2334 50921 -237 -152
2335 54232 479 6
2336 50256 -75 -377
2337 51167 325 129
2338 52873 -78 -304
2339 50274 86 193
2340 51318 -171 -318
2341 51689 368 152
2342 53619 -403 -55
2343 54425 131 138
2344 54754 -57 -46
2345 52804 191 113
2346 54057 -489 -89
2347 53062 162 448
2348 52313 -164 -66
2349 53535 17 461
2350 50607 -83 -23
2351 52273 226 434
2352 53132 -379 -373
2353 51749 78 91
2354 51380 -379 -83
2355 54592 471 406
2356 52984 -25 -256
2357 54481 325 5
2358 50784 -132 -481
2359 53037 279 75
2360 53818 -163 -339
2361 51045 470 320
2362 53258 -33 -192
2363 52434 206 214
2364 52562 -364 -79
2365 52071 200 260
2366 50517 -9 -168
2367 53577 173 357
2368 51769 -496 -450
2369 53026 290 143
2370 52277 -218 -339
2371 50691 64 117
2372 51014 -43 -382
2373 51529 454 417
2374 52320 -158 -33
2375 53483 25 408
2376 53636 -491 -463
2377 53248 285 277
2378 51723 -380 -289
2379 52611 163 272
2380 54719 -350 -285
2381 52125 82 167
2382 54038 -365 -146
2383 52168 474 131
2384 54495 -22 -469
2385 51471 216 229
2386 54013 -253 -399
2387 51152 115 134
2388 53557 -106 -195
2389 54138 128 420
2390 53243 -72 -186
2391 54013 39 158
2392 53370 -162 -304
2393 54323 36 104
2394 51011 -120 -271
2395 50676 76 215
2396 54960 -83 -17
2397 52428 65 151
2398 52579 -362 -311
2399 50420 83 363
2400 53342 -223 -387
2401 50213 423 161
2402 50042 -73 -496
2403 51943 311 310
2404 50185 -359 -60
2405 50355 400 426
2406 54369 -332 -251
2407 51423 208 430
2408 52542 -129 -353
2409 54464 144 61
2410 51525 -76 -333
2411 54919 142 272
2412 53222 -249 -45
2413 54853 56 426
2414 53485 -117 -247
2415 51810 63 386
2416 54273 -422 -145
2417 54373 149 124
2418 52273 -36 -331
2419 54022 307 360
2420 50964 -162 -44
2421 52587 42 228
2422 52167 -172 -108
2423 51966 247 463
2424 51628 -261 -136
2425 51206 271 240
2426 52119 -169 -295
2427 54222 24 419
2428 51300 -234 -465
2429 54464 145 72
2430 52745 -485 -428
2431 50530 69 435
2432 50409 -450 -38
2433 54772 469 300
2434 51508 -107 -492
2435 50251 8 171
2436 53655 -107 -246
2437 54353 438 389
2438 54251 -282 -327
2439 51372 129 160
2440 50104 -375 -329
2441 54924 337 470
2442 51643 -275 -405
2443 50818 343 234
2444 53121 -23 -139
2445 52318 285 497
2446 51790 -289 -312
2447 52639 316 254
2448 52813 -472 -232
2449 53425 67 277
2450 53523 -239 -181
2451 54479 121 36
2452 52948 -232 -101
2453 52367 498 291
2454 51333 -288 -48
2455 54273 362 168
2456 52244 -392 -139
2457 54103 50 30
2458 52476 -183 -446
2459 54773 215 480
2460 51478 -213 -121
2461 54040 125 383
2462 50609 -323 -166
2463 51629 468 73
2464 53649 -464 -219
2465 54351 210 445
2466 51935 -45 -458
2467 50491 281 44
2468 52765 -234 -226
2469 51078 182 497
2470 53481 -490 -50
2471 53847 424 437
2472 52463 -152 -81
2473 51166 125 458
2474 53089 -427 -470
2475 52039 109 433
2476 52895 -274 -181
2477 53895 47 435
2478 54634 -15 -457
2479 52690 479 95
2480 52793 -31 -113
2481 50962 184 459
2482 51461 -210 -139
2483 54625 46 40
2484 50594 -264 -438
2485 54955 222 2
2486 54203 -147 -81
2487 50685 80 361
2488 54974 -261 -425
2489 50481 186 154
2490 54008 -334 -463
2491 50491 322 361
2492 51605 -402 -240
2493 53276 259 258
2494 53534 -409 -242
2495 51634 465 130
2496 51681 -281 -172
2497 53063 190 265
2498 51509 -90 -440
2499 50437 169 304
2500 53799 -186 -71
