52833
52048
51595
50793
53078
50215
51810
50938
53096
54302
51842
50817
50737
53362
53505
54406
54348
53211
50149
54371
54830
51578
52592
54869
51065
54758
51385
50311
54565
54001
50922
54087
54477
52759
53270
51322
54737
51715
50735
52215
50124
51824
50283
52516
51286
53782
50008
54242
51605
50314
50669
53670
51151
53989
51883
51347
50815
53432
51534
52766
52411
50709
52969
50076
53281
51308
54997
50247
53551
50245
51137
53914
50527
54443
50790
54534
51243
52326
50171
50772
51311
53426
51879
50157
51469
54445
51295
50065
54245
52692
53719
54848
52918
52299
53540
50955
51090
54053
53733
50262
54851
52535
52717
53113
52039
52233
54129
50678
52282
53953
51127
53824
50278
53922
50954
51918
54040
54810
53586
50794
52598
51114
52375
50673
51514
53623
53221
52376
50607
52985
50391
51244
50767
51442
53035
51015
52144
52770
51700
54422
51419
53869
50455
52712
50170
54206
51480
52616
52098
51853
52186
51207
54801
54928
54165
50734
50568
51066
50958
53232
50502
51881
50387
52389
54110
53595
50329
51689
54165
53662
54586
50412
51711
52127
53574
54845
53974
53067
54268
51604
50484
53658
53250
53065
53959
54176
54134
53310
50349
50347
52613
51040
54105
50116
54501
52914
52778
50634
51897
53405
51176
54359
50478
50091
50469
51870
50657
54720
51284
52959
54956
52270
53318
54593
50288
51868
54234
54570
51173
53215
53555
54124
50737
52279
54577
54604
50259
51217
54760
53506
53407
52361
54273
53677
54639
52849
53420
53614
52733
52924
51744
54528
50473
54292
53488
53867
51074
52198
52864
50303
52649
51589
51121
51987
51035
52955
52358
52309
52518
51583
52588
51572
54039
54710
53581
53325
54039
52356
52902
51513
51469
51568
52133
50940
50646
50914
54970
53120
50498
54319
52025
54174
53638
52740
53618
51368
54707
53062
52254
50736
52098
51555
51767
52661
50066
51894
54014
54019
51949
53180
50053
52468
52007
52082
51730
54075
52105
52494
54366
51410
53027
50409
51859
53872
52167
54659
50376
51069
53362
50163
52765
51620
51464
52693
53455
50959
52842
50458
53804
51766
50803
50034
52107
52289
51680
54310
52645
52881
54494
54535
54613
54013
50656
51993
51853
53008
51421
51828
53735
54354
54247
54152
51780
51418
53243
51710
50653
54124
51598
52004
54662
50560
53332
54078
52473
52464
53708
53239
53672
52208
53404
52376
50698
50279
54307
51719
53793
54161
50424
51543
53929
53696
52954
54074
52873
52426
51945
50982
53170
51602
54215
53367
52891
50931
50556
52009
50568
52606
54046
50917
53766
53922
53102
52780
51693
54157
53058
50314
54325
50444
50960
53177
50040
52773
51482
52502
51354
51876
50212
54177
52211
52297
54884
53582
52975
52129
54381
54324
50936
53445
52404
50951
50372
51963
50782
52408
52319
52367
53429
53913
54551
53562
54936
50706
51791
50587
51227
51169
50787
52412
54209
53109
52752
50612
54090
53619
51164
52228
53891
52137
53732
50300
51415
52149
52927
52316
52053
50955
53050
53042
52875
54009
51821
51507
54240
50569
53822
50113
54765
53991
52893
54250
53364
53070
53614
54197
54282
53672
53328
50831
50311
51662
54658
52735
53780
52538
54791
50143
53943
50411
54489
52721
52007
53207
54491
50337
54241
54609
52190
52838
51322
52206
53855
53947
53460
54201
53980
51396
51796
51364
51445
53486
54535
52664
53288
51536
53046
52790
51664
54581
53074
50207
50374
52048
52759
52882
53680
52648
51182
51543
53780
51718
53227
50361
51418
51940
53350
52558
53810
51885
53096
52209
50352
50422
50117
51307
50294
53029
54693
53450
50937
54878
52170
52934
50704
52121
52054
53611
51215
53999
50786
54469
54384
52967
53286
52147
54434
53882
53842
50585
54180
51810
52390
54953
52672
52870
52005
51729
53155
52203
50283
50794
50517
54952
53739
54310
53527
53497
51279
52713
51850
53966
53584
50967
52451
51798
51056
53592
52079
51327
50429
52696
53093
54923
53252
51917
50937
51321
53226
52722
50215
50787
53037
52240
51088
50719
52010
52792
50919
51322
51415
52399
54239
54730
51258
52267
52905
51909
54739
53472
54239
50287
53643
51144
50843
50558
53152
51372
50184
51257
50550
51567
52649
54095
52621
51520
53989
51882
51902
50222
53251
51586
51457
50351
50849
52652
50711
51778
52054
53410
54313
51205
53456
50910
54919
53150
51211
52065
51700
54666
50331
54566
54856
50728
53636
52286
53161
51531
51982
50216
52402
52556
54717
51379
52499
52334
50162
52320
52595
51279
50131
53146
50154
52034
51084
51787
52712
54210
53942
52918
53394
50321
51804
50818
53887
54882
51004
52839
52782
51874
52899
54581
51607
54857
53074
54427
52657
54651
54144
54774
53924
50755
50456
51662
52997
50604
54380
51479
53193
50284
50311
54438
52798
52784
50568
52096
53117
54941
52246
53203
54793
52430
50702
53577
50429
54447
52925
51801
54094
51630
52620
51374
54240
52809
54315
53520
54834
50298
52787
52364
52977
54794
53793
50221
53289
52031
50652
52907
53853
53199
52690
54170
50962
50328
51940
54547
52530
51265
52345
53360
54964
52818
52582
52964
52089
50712
54495
53583
53516
53652
54254
54056
52600
50300
51500
53618
54364
54224
53551
50517
50514
52504
53720
54851
52373
52893
53478
54001
54206
51210
50589
53269
52317
54716
52500
51268
50254
50904
50932
54395
50346
52840
50901
51250
50603
53074
51558
52402
50626
50812
53002
50441
51311
50967
50664
54357
53793
50978
50438
50866
53031
50796
53981
52857
53636
54584
51964
52166
50585
54367
54625
54974
52427
52065
53387
53150
54494
51465
52182
50560
52565
53623
52370
50792
52775
50960
54792
53273
52240
50377
51060
53185
54524
54271
54787
54936
53689
53001
51756
53325
54378
52895
53128
52463
52184
51819
53196
51181
50866
53054
54807
50242
52537
52643
52207
52424
53024
51186
54100
52596
50168
52818
52736
54341
50856
52331
53063
50470
52567
50358
53380
51192
53749
51305
50021
51303
51100
51929
51803
50863
53464
52788
53819
50260
53332
51902
54338
54572
50463
54402
50822
52689
50305
54916
50766
54591
53381
51739
50948
51279
53464
50082
52189
53333
53586
53834
53592
53802
50130
51743
51220
50972
52649
53947
50823
54785
53373
53411
50125
51597
51010
50692
52093
50937
52730
53873
54388
50572
52454
54290
54127
52254
50771
53139
53841
53204
52736
53939
54054
50406
50837
52962
51443
52932
50415
53411
50342
52608
53848
52289
50631
50367
53186
53125
52098
52160
51959
53833
50909
53485
54578
54819
53340
50496
53770
54707
51580
52018
54747
50095
50595
53942
53684
54405
51364
51287
53547
54194
51764
53696
54869
53882
54009
51091
50816
51881
52056
54743
53390
53358
53838
51685
50760
52327
50536
54410
52189
52754
52091
51755
52444
51663
52815
50915
53218
54929
52796
50695
52999
53139
50246
54263
50625
54819
51662
50269
50618
51473
51818
54677
54953
50966
53536
51493
52092
50928
54413
53943
54873
51761
53675
52074
53749
53629
52504
52861
50900
53572
53659
52125
52800
50395
53020
50205
50708
53468
53470
51764
54108
53915
51879
54161
52995
51948
52612
53208
51061
50914
54767
52259
54599
53290
53045
50172
51480
51217
52429
51528
53229
51812
52487
52110
52647
50227
50949
52196
54209
52906
51578
52559
52188
52753
50315
51126
50292
50452
53545
54344
50683
53382
51316
53975
54106
51814
54586
53169
51770
52235
52042
51872
51750
54472
53631
50425
50030
51698
51459
54922
50859
54744
53764
54139
50841
52119
50911
54617
53989
51069
54819
53417
54838
54532
54839
51855
52241
52626
52341
53174
52873
54286
54375
54050
51777
50004
53379
51210
52823
53378
51960
54993
54788
52769
53852
50216
54000
53293
54743
52796
51595
50350
54651
50352
50299
53102
51817
50552
52239
54310
52519
52332
52870
50539
50842
52504
51253
53833
53178
54231
53671
50980
53257
54623
51752
51544
52995
51658
50953
50390
54971
54225
52495
50526
51716
53410
53115
50414
51825
50565
54122
50001
54783
51599
54923
52790
53337
50371
50433
53686
50478
52581
52714
54873
54361
50398
54166
51640
52228
51852
54899
54472
52561
53667
51720
53277
54778
54058
54863
51242
52546
51888
54656
50827
53072
50370
52048
53726
52954
52135
52595
53136
53935
51925
54585
51946
51170
53014
52866
51566
52778
53775
51053
50845
54394
52867
53231
52270
51764
53518
51576
53273
50131
51025
53954
52501
51606
52126
52332
51969
50191
50713
54000
50365
54131
51623
53770
50180
54704
52980
54539
53392
51726
50911
51754
53384
54942
51355
54372
52626
50403
52945
53900
52360
52593
54557
52958
50631
53713
54691
51564
51279
52466
53689
54433
50078
54422
52913
50529
53326
50938
50971
50471
54609
52765
52050
52081
50641
53165
52836
53574
50285
54746
52274
50099
52186
51213
53627
51271
54865
52239
50698
50848
52552
52573
51237
51357
52222
53913
50699
52696
50139
52867
53047
51322
52627
51433
53828
51345
54805
52122
54279
52208
53509
53169
53150
54316
54418
52020
54246
51224
54808
53842
50590
51513
53567
50076
52712
53742
53733
54674
54495
51134
52457
52878
50235
54243
52998
54202
50797
50757
52755
52449
54085
53176
54100
52337
53568
53570
51884
54980
52081
52245
53042
50598
51850
50869
50429
50551
50418
50910
53937
54620
51699
51866
51496
50663
52055
51019
51937
51498
50150
50222
51566
52778
51742
53577
54629
53157
50843
50832
54272
51873
51714
50222
54432
54995
53152
50380
52286
51634
51985
53318
54352
52033
54930
51991
51882
53214
53835
53954
53559
51261
51198
53556
52521
51849
53117
53448
51366
51222
51611
52873
50087
52671
53407
50630
50339
51932
50980
53568
52156
53100
51358
53241
54700
51773
53820
53502
51516
51278
53356
54725
51524
50938
52960
51143
51710
54250
54022
53711
54698
54401
50277
52326
53164
52268
53708
52305
53149
51879
50107
54995
53088
53610
54798
54751
53890
53993
51365
53294
54839
50832
52784
53708
50563
52583
50045
53275
50274
52831
52204
50750
54751
50159
53011
54361
52269
53834
51174
50439
50126
50081
53652
54674
50727
52916
50937
54687
51177
50915
51437
51662
51903
54642
54060
52989
52539
50882
53531
54756
50128
54721
51005
54989
52923
51189
50293
52740
54650
50898
52054
53167
53452
51162
52514
54154
53776
50076
52162
54040
51471
52676
51571
50088
50791
54259
51103
53348
50022
51263
51617
50703
53374
54353
52066
52781
54727
51293
50286
50106
52776
54141
50567
50496
50114
50314
50627
53554
50377
54521
53589
53442
52785
53367
54876
52963
52277
54575
53380
51694
51615
53552
51257
52521
52170
50824
54525
52680
53826
50214
51631
52114
50772
54197
51193
53395
51929
52008
54513
52067
50265
52052
52287
53307
51811
51153
54163
52281
52721
52140
53803
53416
54793
50564
53015
50360
52837
52757
50869
51448
51042
52692
51957
52853
50853
53277
53857
51237
54010
54318
51752
53535
52700
51610
54569
54588
53431
53930
51669
50610
54920
52103
53232
51717
50346
54644
51969
53716
53105
54703
52602
50744
53083
51869
53520
51401
53434
50372
54560
54924
52237
51609
50517
54520
54124
51384
53027
52352
50698
53203
52819
51643
50757
52129
51218
53074
54600
53382
52389
54998
51536
54846
50953
54796
54727
51285
52462
53785
54933
54721
54235
51031
54078
54158
50008
51039
50062
54258
53782
53333
52879
51383
53455
51823
50056
52004
54792
53426
52616
52783
50287
53690
52434
54549
54975
52415
51231
53989
53851
50980
53077
50831
53026
51365
53698
51302
50688
53518
51114
52238
54610
53687
52469
53465
53357
51993
53711
52319
50989
50513
52243
51539
52098
53968
51666
50146
52985
51177
52474
54587
50781
52614
54622
54125
52829
51986
54919
51671
50572
51292
51016
53432
53759
50040
52169
51614
54754
52913
54607
53827
50128
53653
52258
52740
53996
50030
50118
51173
51542
54707
54972
51544
53294
51100
53966
51013
52245
53211
54407
53590
54353
52360
51871
54710
50607
51120
54037
54131
50922
52855
51799
54631
54389
54046
51167
51104
52186
51150
53480
53158
53664
54149
50713
50851
54338
51594
51215
53374
53964
51058
52112
50231
54114
50360
50332
50884
52761
52535
54593
51687
52268
50192
53884
52273
50166
52156
51635
53779
50355
54787
54015
52387
52696
51833
52551
52623
54684
52624
52567
54170
54576
52169
51046
54766
51667
52706
53502
50547
53379
50444
51481
54125
50114
50321
51975
52106
53704
52155
52183
53763
51659
50947
51937
51114
50704
52271
54316
53356
53600
54185
52155
50117
53383
51360
53332
54789
51127
54022
52837
52437
54035
54949
52686
51291
54940
53171
52146
54565
50950
52435
51769
53715
52431
50222
54771
51211
51315
52673
51742
53977
50070
50891
50295
53547
54569
51395
53215
50715
54579
52750
52967
50081
53456
53511
54216
54847
50215
54417
51462
50689
51442
50621
52662
52043
53525
52546
50635
53466
54555
50812
53318
51643
51246
54969
51709
52147
52995
50314
50089
52879
54504
51163
54209
54352
50544
51167
50782
54412
51466
53695
50017
54742
50467
51172
53615
53993
50868
51567
54945
53204
50518
52611
50125
50247
54819
53699
50415
50054
53375
50362
50995
54563
53341
50355
50868
51618
53757
50638
51442
53431
51611
51756
52917
54719
53901
50464
50287
50216
50778
53431
50105
50390
52654
50526
53268
51477
53293
54082
53640
53200
52624
52034
51136
54787
52275
50031
50925
50500
50136
52960
54999
50298
53310
52365
52952
54832
51706
54109
53127
53724
54049
51561
53835
52567
51872
51652
53012
54664
51342
53667
54979
53765
50468
53346
54425
53170
51318
53049
51932
50013
50730
50951
52711
54972
53746
53664
54113
52133
51833
50423
54783
53909
50900
53529
54355
54222
50729
50938
50372
50589
52455
53282
52673
51264
52403
52232
52640
52439
54768
53015
52529
54646
54447
54380
50891
50641
50398
51707
50442
54598
52674
52039
54937
54490
54216
52823
54090
50351
54834
54370
50011
51365
52809
51957
52848
51289
53809
52839
50406
50916
50370
53189
54258
53011
51052
51808
54926
54712
51926
51937
50062
53392
53340
50668
54902
52360
51742
52516
54774
50678
53095
52265
50209
51303
50450
53618
52821
54011
53775
54941
51299
53003
51974
50823
51145
54994
51183
51992
52321
52587
52362
54617
54209
53215
52585
50701
53866
54930
50269
54006
52162
54271
54627
51164
53738
53967
54819
52717
50567
54768
53164
54469
53973
54958
53290
54617
51206
52260
50808
52879
50786
50299
53410
50412
54224
53599
54129
54541
50551
52878
50285
54363
52822
53895
52967
52267
52848
53558
50032
52981
52560
53340
50053
52192
53482
51897
54843
54020
52265
50082
52977
53453
54945
53535
53067
53674
51231
51522
53493
51552
52260
54158
53481
51310
52680
52895
52786
54140
50280
50057
53917
50005
51263
54416
53733
50281
50792
51800
52385
51779
54965
54079
50319
51113
53548
50941
50858
51028
53853
50819
53861
55000
51916
50775
50302
51203
53865
52731
54343
54955
53844
53324
52772
50462
50200
53344
54145
51216
51125
50200
54460
54855
52155
52077
52885
54544
51949
51232
51188
54137
52314
51615
52485
50212
53013
51496
50278
50802
54795
52808
53347
51764
52905
53121
51484
50007
50052
53262
50598
52001
52795
52478
52493
51792
50688
51795
50883
53292
54662
53200
53113
52107
50991
52720
53141
51876
53378
51324
52600
54951
53405
53933
51210
53529
51350
53811
53442
53700
51261
52317
53023
54071
52637
51354
50874
52856
53941
50886
52187
52230
54905
54319
54198
50645
53851
52807
53925
54650
50120
53957
52409
53917
52911
54323
53455
53793
54475
51453
54625
53442
54378
54009
51689
50649
52365
54102
51845
53762
54406
51099
51194
53389
54738
50235
54062
53078
50440
51963
50871
54842
54302
51976
53420
51176
50047
54791
50945
51444
51420
54443
51179
52978
54338
54246
54289
53279
52551
53566
54085
50445
54827
50254
50703
52128
51800
50166
53753
50382
51814
54394
50880
53867
50431
54281
54677
53133
51318
50130
50862
52171
54872
54564
52261
53576
50436
51814
50924
54143
54736
51048
51905
53643
54204
50846
51335
51179
51622
50108
50233
50563
54756
