1 8433 1077 5582
2 2165 2924 6668
3 1167 638 6059
4 7547 5331 2479
5 1497 652 749
6 5344 4787 9075
7 9712 3335 5874
8 2676 1287 9444
9 1782 1140 8360
10 2827 4766 8474
11 750 8650 371
12 7881 6809 4559
13 7286 3320 9132
14 651 4748 9965
15 1084 7047 1334
16 4069 8646 5957
17 8008 5872 7259
18 5040 2944 2396
19 97 1314 5532
20 9675 4924 8002
21 5722 5634 2766
22 9471 6643 9900
23 7323 3383 7471
24 9935 8228 208
25 4654 6740 762
26 6963 4621 1830
27 2645 4500 5530
28 1095 9099 8459
29 2108 4082 9941
30 6609 6133 7124
31 2808 2082 9398
32 543 3321 9010
33 64 9507 1514
34 3955 2106 2065
35 1074 4155 9538
36 4030 1615 6233
37 1397 2607 9210
38 2601 6070 2300
39 7243 4068 5403
40 1191 6819 8651
41 1599 84 9994
42 475 5485 8599
43 1104 9227 1516
44 8271 4355 644
45 8199 4452 9291
46 6433 1768 9086
47 6770 5531 9170
48 8384 1051 3238
49 7615 7877 9288
50 1546 1211 8489
51 3716 5073 6251
52 7109 8441 5772
53 1339 5650 4950
54 4477 6355 1831
55 1605 2281 2060
56 5421 2336 2325
57 4618 2077 8676
58 9901 4210 1898
59 8441 95 1565
60 9964 2618 9184
61 5450 8743 2141
62 6244 6696 3690
63 9067 7743 1618
64 3678 7979 7634
65 9355 256 4687
66 2653 1560 3446
67 9647 2735 2483
68 4450 5577 2853
69 6305 3301 2566
70 4912 9402 9888
71 7972 4857 9619
72 6457 7059 509
73 3833 9031 44
74 1397 7627 5583
75 6376 3568 9660
76 5638 6875 4148
77 3731 5812 8325
78 224 4425 8375
79 573 4465 7714
80 634 609 3660
81 2014 1050 9669
82 9434 9799 6461
83 9264 4337 9639
84 8433 783 1640
85 1674 4121 3503
86 6822 1838 1258
87 4684 6426 1419
88 8487 1769 4456
89 2758 4042 9682
90 1962 5041 6204
91 5618 1515 3668
92 1984 9748 9229
93 7281 2161 3980
94 7289 3755 4423
95 5491 1212 5940
96 3303 1179 9895
97 8710 5828 7208
98 5870 54 424
99 8177 2903 1229
100 2908 2066 7168
101 153 9348 3727
102 8987 6428 1493
103 4289 7506 1925
104 7618 7257 5601
105 7429 6980 8696
106 8332 2006 9873
107 3560 5568 7080
108 4557 1314 7048
109 1158 4693 7408
110 7515 2858 1872
111 1122 3461 6835
112 9243 4461 5725
113 3273 1557 8132
114 5066 6003 7679
115 4368 5333 4615
116 8180 4174 7758
117 2659 3678 7337
118 2868 7673 4942
119 153 5901 1127
120 4612 3643 2553
121 7827 4437 8766
122 1140 2478 4620
123 535 3866 9065
124 1282 790 3863
125 208 4025 5097
126 675 2401 5291
127 56 8954 1237
128 7667 7262 2345
129 5083 5732 8264
130 8718 5301 3978
131 9881 2387 4337
132 9511 6530 1287
133 6471 3827 9449
134 5583 9084 812
135 3185 4733 9189
136 9651 4144 5280
137 9713 8 9051
138 3761 5973 265
139 3263 1370 3430
140 7092 2960 7310
141 4932 4049 3139
142 3548 1934 4054
143 4646 5177 5212
144 3136 5401 6268
145 1732 2435 724
146 5736 3601 6394
147 5177 2364 3982
148 4146 3067 2239
149 4375 3554 1923
150 9696 4747 3209
151 3642 9435 8108
152 2156 2688 9831
153 800 5293 7951
154 8263 5288 9241
155 6567 8193 3497
156 7135 5039 8487
157 513 3812 2786
158 2044 1124 5885
159 7594 3762 1965
160 1159 211 5012
161 576 1479 6391
162 9659 8888 3867
163 4705 9705 3345
164 6454 9390 8716
165 7297 7207 9837
166 1675 8846 9099
167 6776 2597 7882
168 6727 5322 9207
169 3368 1820 4288
170 3974 6835 7735
171 449 2644 3879
172 3464 775 2194
173 7458 8122 9752
174 7934 3696 9055
175 100 280 3799
176 4517 2414 5843
177 3389 4735 3560
178 6364 4430 2407
179 9289 375 1301
180 165 8368 2999
181 336 1733 3859
182 8723 3438 6887
183 4588 8918 1885
184 7271 8063 8404
185 6636 5880 2559
186 2138 3371 2646
187 1860 8861 4269
188 223 2138 4918
189 3370 1286 3487
190 3911 9361 1281
191 9629 9710 3034
192 8310 8639 4128
193 9131 7515 8272
194 2415 4860 5014
195 7388 9119 6840
196 2678 3778 5961
197 8172 2079 230
198 5986 1668 3943
199 7620 4743 1362
200 6600 4704 327
201 6542 575 8839
202 1610 96 7378
203 515 5934 7359
204 5023 3448 6728
205 789 9237 1867
206 9175 9325 2056
207 8348 7603 6049
208 7855 4676 5195
209 7598 3970 9227
210 8850 2709 673
211 2596 2323 9396
212 8135 3235 6705
213 5219 9901 4347
214 5881 7977 3161
215 6960 6015 2704
216 3909 8924 3848
217 9792 3656 1684
218 5442 6670 4509
219 3329 6306 3643
220 4087 9035 2119
221 2344 2369 4851
222 8556 5489 3918
223 147 9211 8746
224 6742 7852 5234
225 6027 7691 6359
226 6456 6928 9713
227 4275 5532 9156
228 5806 9622 1713
229 4242 3638 9909
230 3665 6305 7436
231 9832 396 4284
232 2722 3054 1611
233 7811 6111 522
234 3911 1865 4919
235 479 8026 7205
236 7441 9740 3711
237 2421 726 2652
238 4508 7600 1525
239 8015 3828 8517
240 9945 8147 8346
241 2570 2671 2279
242 653 686 1773
243 332 2801 936
244 257 9157 3518
245 1342 8804 2866
246 9508 5887 8739
247 9915 7442 404
248 2823 6157 6376
249 7622 6260 1403
250 9527 9030 7713
251 4943 1144 2919
252 6387 2963 5774
253 938 135 2832
254 5153 1219 5996
255 9962 6072 923
256 9313 8188 7382
257 2928 8658 6737
258 3137 866 9394
259 7161 3838 7075
260 6064 7827 1576
261 883 1959 7969
262 396 9935 4317
263 9468 9166 8654
264 2371 5780 5140
265 4594 9748 9078
266 5098 6648 8107
267 8483 3764 9738
268 7556 1477 9773
269 7756 46 6703
270 3661 49 9247
271 4110 260 1823
272 8669 7244 6209
273 1944 637 2654
274 2549 4329 6692
275 8961 9861 6326
276 1393 8484 5018
277 7416 9109 2886
278 3637 1906 3560
279 6205 1895 2345
280 8227 8348 3092
281 2758 2279 9211
282 3578 6100 9763
283 5230 2189 6573
284 4379 5969 1995
285 2182 5990 519
286 7648 8965 3221
287 9146 9846 2752
288 7671 4044 2772
289 5723 9852 6515
290 204 9994 2570
291 253 7664 5693
292 6832 4287 4939
293 8247 3930 3891
294 7114 5916 1546
295 90 7547 8733
296 1455 7656 577
297 5351 1140 2117
298 3642 5805 1699
299 8013 3699 559
300 4497 2313 1580
301 5284 8674 6964
302 1387 3672 8965
303 6019 6840 3412
304 3908 646 5784
305 8914 9451 5940
306 283 7712 5627
307 1095 2628 7345
308 7683 4396 677
309 1550 4628 1045
310 2527 5087 6146
311 2254 6010 1692
312 3255 4326 9787
313 4713 4608 4797
314 479 4520 2530
315 6368 4456 8216
316 7992 45 9534
317 8642 8198 7897
318 383 7124 9915
319 6918 7818 8141
320 7533 6795 1525
321 4821 9791 5789
322 1948 2122 4121
323 5123 9276 2646
324 2280 2399 5160
325 3722 6542 6550
326 4928 4137 1529
327 686 2116 6556
328 1531 2552 3829
329 7937 8632 4884
330 5038 9388 3925
331 5159 8405 5990
332 2637 320 1150
333 3407 2093 6074
334 7199 1489 8336
335 7812 3409 8141
336 1084 6091 7786
337 970 1444 1424
338 8319 8056 5990
339 7751 2668 1700
340 2256 5474 9348
341 6816 8865 4657
342 9483 8959 9276
343 7614 624 6290
344 3208 7850 8133
345 4431 7345 8495
346 8587 9704 3257
347 1078 627 375
348 1537 3952 6126
349 5874 5923 3635
350 7798 3910 3919
351 924 5122 3148
352 163 3659 3379
353 8891 2695 6616
354 5180 8645 9478
355 1465 9809 3036
356 701 7057 313
357 8225 8859 9587
358 6343 2940 5328
359 1155 8717 1516
360 6382 3941 9247
361 8943 1877 1340
362 7399 4483 2721
363 7998 7489 7711
364 8828 3841 6324
365 2795 6363 8691
366 3312 73 2686
367 4696 11 3918
368 3659 258 4033
369 8812 4209 1553
370 6540 2422 3852
371 3967 1013 9094
372 3586 8637 1605
373 7269 884 2895
374 7793 785 1391
375 9139 6576 2241
376 2343 1613 6298
377 1300 2805 1024
378 2389 1861 3153
379 1562 3336 4788
380 6797 6525 1511
381 9405 6627 8917
382 5415 4578 7057
383 2507 9201 919
384 9291 7792 5544
385 9895 8803 3775
386 9655 535 6615
387 3997 3301 7745
388 2244 6115 1513
389 9788 3892 262
390 5851 8537 6697
391 5425 479 9182
392 5287 4612 7659
393 8733 3608 4298
394 5542 4928 3953
395 1155 7275 1207
396 1324 7764 7355
397 5303 5571 9685
398 3352 9618 4562
399 8249 7702 3540
400 5392 5194 9742
401 3693 190 9256
402 6802 5234 3322
403 8725 2760 342
404 6833 5828 6671
405 3669 3847 1457
406 2509 5241 9566
407 1019 5611 3058
408 4579 1435 1525
409 2035 3840 5164
410 4247 5289 5427
411 4858 1919 3670
412 1179 7953 5973
413 7722 3893 9390
414 8492 2086 5698
415 8158 5476 7741
416 7024 962 6022
417 4802 2846 8428
418 3453 8758 579
419 2960 9116 7666
420 6458 4460 3181
421 8514 6215 8869
422 1820 8499 9623
423 1366 6968 472
424 5263 3551 1168
425 6948 3861 7107
426 6227 499 15
427 2264 687 4733
428 6734 7500 1929
429 3219 1050 5672
430 4460 4502 3674
431 8614 9473 7160
432 6534 9818 8421
433 6492 8051 653
434 6474 1976 4798
435 5629 8584 7513
436 3539 7127 6393
437 5037 5014 1506
438 8827 4712 1659
439 5915 7988 388
440 8860 6460 3270
441 3841 7952 6083
442 5051 6484 9113
443 2680 2821 708
444 3642 1370 3906
445 1461 8002 9201
446 2932 9759 3063
447 5120 2083 775
448 3234 3772 8017
449 9095 3681 7270
450 6116 1701 4096
451 4830 4639 291
452 8020 9720 546
453 4461 1062 4278
454 9185 5318 6542
455 8651 3313 7705
456 5335 4158 3344
457 4165 4223 822
458 6594 4335 8554
459 4655 5999 6300
460 410 1921 2301
461 3654 7785 9163
462 3900 2158 8897
463 9581 6197 9012
464 2468 3173 3693
465 7802 4394 4397
466 5706 1193 3309
467 4292 3745 3733
468 1795 955 3006
469 7480 6763 481
470 9275 8480 3669
471 5335 8644 6691
472 4470 3427 2885
473 3812 1714 9322
474 7943 8407 1635
475 6870 7874 2844
476 7808 7400 9010
477 2429 1819 4948
478 7690 1431 1164
479 1248 1268 1692
480 4993 8015 9790
481 1266 4698 5764
482 5615 1213 9650
483 359 436 3318
484 560 6868 9103
485 6159 9610 8273
486 7006 2850 8355
487 3248 8929 2565
488 3766 1644 3470
489 56 2960 9268
490 8440 2011 6619
491 8196 9992 6073
492 3581 6462 8212
493 4333 82 8296
494 5365 1418 1936
495 772 7637 3830
496 6485 2861 7636
497 56 3835 2184
498 9087 7104 7524
499 9460 4205 9605
500 695 7336 4189
501 8525 1847 1862
502 6819 4180 2656
503 7191 6212 8616
504 7652 3676 7969
505 2620 7417 3635
506 970 1550 691
507 437 5131 6166
508 9480 8699 4074
509 7926 9508 9893
510 7600 6992 659
511 9235 9973 3664
512 2617 1753 966
513 692 7200 7535
514 4966 7217 5592
515 5303 7870 7676
516 2469 9471 9876
517 6568 5353 5791
518 8253 8429 5924
519 8596 1429 6053
520 4786 3139 345
521 3298 8699 4226
522 2281 4197 2004
523 1939 7377 4306
524 9123 3638 925
525 3387 8321 9691
526 7717 2069 8531
527 3934 9003 2218
528 5250 7907 9212
529 6560 4522 8612
530 9636 4853 9373
531 2589 6419 4338
532 5984 583 6484
533 6496 6054 8884
534 8109 1246 7280
535 2844 7378 9280
536 7226 3130 488
537 7021 1285 3095
538 4602 4096 842
539 1267 8116 8811
540 940 9889 1873
541 1251 4419 8163
542 469 4201 2556
543 6540 8006 7199
544 682 2342 5892
545 9852 5221 9253
546 1903 5963 9843
547 1551 5644 3667
548 77 8875 4663
549 4043 7580 9542
550 9976 5268 2212
551 8458 1765 1352
552 2483 660 3714
553 4645 9341 1364
554 2375 4405 5139
555 2719 8396 9551
556 2130 3597 8444
557 7358 6115 5851
558 7358 2719 9848
559 5756 7135 7961
560 6526 5659 337
561 8460 2709 1180
562 4809 8980 4155
563 9696 8188 1066
564 8443 1097 8624
565 6152 3254 5508
566 718 8496 3375
567 1062 8019 7021
568 7919 7808 8907
569 722 8161 7173
570 8657 8184 8621
571 9661 1429 6749
572 3480 9909 3013
573 4833 7175 572
574 8933 6951 5608
575 9131 2661 9845
576 2667 6604 3646
577 3559 9814 4741
578 2120 1135 8933
579 1840 9298 6084
580 5647 6996 7051
581 9393 1836 3848
582 9317 4829 5304
583 7793 7930 9232
584 7347 7892 4558
585 3179 4813 3094
586 3319 3733 7166
587 3611 5106 3163
588 8347 6359 6059
589 5545 2892 3836
590 1905 2716 6504
591 5485 5880 9570
592 344 6550 5406
593 3398 5471 6683
594 9429 6155 700
595 5363 1259 9334
596 388 897 529
597 1202 697 7545
598 2594 8431 2876
599 7318 2400 8132
600 6219 7979 7387
601 6982 4285 2825
602 6717 7630 8786
603 8284 7506 9333
604 3628 3570 8623
605 4485 5349 6688
606 9190 991 9881
607 9011 1845 4617
608 3674 9410 4034
609 9346 9276 435
610 6164 2080 2176
611 3532 6437 4325
612 6279 928 7668
613 850 6441 2914
614 1581 9916 1628
615 6 942 2314
616 2003 6617 25
617 387 5070 4115
618 5017 6734 2707
619 2130 4600 4989
620 6256 329 5221
621 7739 338 6662
622 3398 5331 2800
623 578 8959 5414
624 3533 8828 3382
625 5185 5049 3393
626 6959 2818 7034
627 3852 2476 6811
628 8326 2104 8168
629 1564 4341 1386
630 6445 9201 9619
631 9265 1296 4134
632 5576 3132 8793
633 4057 1040 2283
634 9693 3541 7435
635 446 2392 2729
636 9488 870 238
637 5570 1391 1829
638 9714 3885 5495
639 768 9805 7326
640 5316 7302 1295
641 7561 5556 1668
642 1650 4505 2248
643 8401 5355 6326
644 4216 3576 3840
645 1994 9110 2436
646 9802 421 2491
647 4453 4576 4755
648 7216 8879 6295
649 8451 2970 6218
650 2475 6774 3276
651 7448 7491 8497
652 8164 612 4688
653 6785 4577 1628
654 3416 6489 9478
655 371 1336 1305
656 7010 9562 347
657 2963 3822 7019
658 7506 2017 5631
659 3145 2564 4098
660 6356 227 3816
661 3452 8339 7322
662 4744 667 591
663 7686 9053 8109
664 2920 5109 7548
665 1204 8904 9878
666 9805 9986 3608
667 6859 3325 5186
668 3013 2528 7288
669 9538 8554 3241
670 1330 6414 740
671 7382 8482 1507
672 9136 9096 3396
673 5425 3919 1167
674 9749 7661 1422
675 480 160 6625
676 8607 67 2969
677 8491 7298 7393
678 6936 4630 8454
679 9898 5953 5502
680 9840 3314 7421
681 5712 2844 9440
682 9618 6971 3073
683 7306 633 3682
684 3034 1545 5954
685 5940 4135 4850
686 9724 7838 5131
687 5453 7108 1289
688 5193 6472 2805
689 3808 8286 1157
690 4600 1746 659
691 6484 5885 3874
692 4993 6818 9397
693 1452 3834 1094
694 5291 4843 507
695 1042 8832 8882
696 2849 7844 1177
697 9633 420 6238
698 1097 5930 886
699 5824 7774 2987
700 6534 8738 9310
701 4491 9637 8460
702 7681 2050 9770
703 5804 9890 9583
704 4675 6784 4975
705 8438 9960 1149
706 4180 305 7274
707 2023 2546 7816
708 5234 4657 2881
709 7453 8872 6221
710 9196 2456 3428
711 5608 6188 5722
712 7696 1297 1123
713 7700 2438 3675
714 2918 6408 9807
715 5631 5252 6094
716 1039 2179 2563
717 3898 4689 8851
718 306 4924 1758
719 8594 7105 7960
720 1199 659 5645
721 9676 531 2344
722 5240 9392 381
723 6830 645 4126
724 10000 7508 6648
725 3928 1125 6912
726 4835 1634 1081
727 1982 3870 6580
728 530 3087 197
729 1720 2113 1893
730 5108 7177 8639
731 3006 2564 1249
732 4616 6425 6265
733 2746 3196 6003
734 337 7170 7368
735 4583 3441 5149
736 604 7030 5273
737 6700 5690 4243
738 347 9696 7349
739 8752 4516 9231
740 8495 792 5500
741 2430 4118 3639
742 8443 4620 2018
743 8230 4701 4206
744 7329 3265 3626
745 5944 3589 9815
746 1960 3620 7015
747 5922 1551 945
748 2534 6716 6195
749 3707 1358 2002
750 7524 9114 7195
751 7961 5914 8870
752 6958 515 5291
753 3040 3015 6172
754 7874 9144 6181
755 9804 6673 3624
756 5864 9109 9993
757 8405 6719 7688
758 4879 8008 7530
759 6026 7490 1725
760 2436 5744 2474
761 8460 1243 3790
762 247 6535 195
763 2467 4223 9218
764 2540 9361 557
765 8991 2905 1950
766 1307 6450 7103
767 5470 3932 3993
768 610 1485 7861
769 573 3582 4245
770 4783 7441 8351
771 6091 5155 5959
772 9566 3966 9403
773 6016 5560 8935
774 2653 4139 8107
775 7224 7264 4448
776 3936 9917 5974
777 7714 5250 5510
778 6984 9539 7784
779 2083 990 6100
780 7005 9727 4007
781 7394 6221 5392
782 470 9506 3283
783 8374 99 3363
784 8950 5615 6729
785 6408 9803 2792
786 4262 8695 9398
787 6251 2910 1983
788 4932 8900 4003
789 7089 9432 6383
790 7230 7492 5952
791 9705 822 8904
792 8056 6973 7000
793 9152 3387 1103
794 6134 5413 5319
795 92 1427 5477
796 9194 1651 8844
797 3452 1664 9932
798 9433 620 5613
799 9478 4204 1068
800 9638 2451 9049
801 1476 6911 3120
802 2952 8830 7017
803 274 9411 6659
804 6556 5662 7389
805 5668 9248 9817
806 8627 3048 1612
807 9712 2222 4338
808 4294 8016 7680
809 2493 219 3225
810 3383 1220 7939
811 127 6819 8054
812 110 358 2862
813 9031 5476 602
814 2369 27 626
815 3344 2471 956
816 3864 8080 1179
817 1070 6981 8839
818 1487 1380 1508
819 4912 2594 6795
820 9183 2918 690
821 7890 3539 70
822 1824 22 9272
823 1307 2523 6185
824 6226 2023 7338
825 8165 3834 4136
826 6820 2760 2543
827 104 644 9496
828 812 5372 8062
829 3763 2414 849
830 6850 6528 3548
831 9712 9410 6152
832 7195 9040 7511
833 3471 9254 818
834 9557 2228 8539
835 3162 1133 9272
836 1580 683 301
837 7580 9846 8865
838 1022 8311 4066
839 7433 6264 2644
840 1659 6895 8680
841 429 4186 1805
842 861 9628 4162
843 243 8626 9515
844 1084 533 7622
845 1420 6948 2861
846 7582 9143 3799
847 6753 1064 3759
848 5175 1272 8161
849 1817 7920 896
850 4477 172 5816
851 3158 7200 202
852 8255 7368 1337
853 4860 7701 9444
854 2729 7036 8939
855 6156 8070 1066
856 9814 3602 1329
857 984 753 8766
858 3663 4584 1430
859 2873 1054 8671
860 3777 6417 1596
861 8897 3964 2864
862 8971 120 1702
863 9428 6816 254
864 311 9952 5672
865 8617 468 9176
866 2003 8902 5339
867 4517 1 7814
868 5359 6539 8728
869 3109 3228 926
870 570 2554 5427
871 7480 4782 5548
872 3623 3783 1315
873 6063 1854 528
874 9467 5665 828
875 7238 702 608
876 8799 6215 1457
877 6238 4165 8086
878 4556 8626 6249
879 9140 6086 5476
880 1704 2057 2455
881 1287 9666 2077
882 51 8940 9266
883 1765 8897 99
884 4193 2487 2094
885 3793 9269 257
886 8271 5120 1736
887 5127 5975 7799
888 1007 7634 9891
889 5443 827 3246
890 9696 9743 3747
891 7007 3229 7125
892 2715 7335 3631
893 5133 1080 6684
894 7562 7894 3351
895 6266 7842 2319
896 8133 9172 4724
897 6433 3278 4493
898 1309 1879 27
899 9243 4494 3589
900 5303 7852 4018
901 6652 4989 3611
902 7552 2056 8295
903 8450 1841 8038
904 831 2518 4500
905 4954 6748 9773
906 8083 5370 8202
907 9980 9143 9803
908 784 5531 1723
909 6414 4584 6042
910 2630 7524 5352
911 7076 9493 335
912 6956 2145 208
913 6149 8889 6132
914 703 3462 8967
915 4664 4116 2270
916 166 2088 6312
917 8101 9080 6
918 9258 9737 2668
919 4540 7522 8596
920 2120 4480 4639
921 3153 5306 3345
922 3084 5474 7743
923 2477 2340 6349
924 3344 1998 2811
925 4319 8584 2297
926 9501 3110 2323
927 3895 1073 7720
928 9259 216 5761
929 3190 8994 231
930 6309 5778 721
931 7421 4683 7774
932 5153 5985 9362
933 6677 2946 3517
934 3499 7022 5120
935 7195 1699 4861
936 285 7861 7229
937 6435 5728 5134
938 37 3983 4242
939 3111 9942 8608
940 8077 3640 3367
941 4484 4525 4065
942 9956 3860 6809
943 8533 4666 1604
944 7421 4209 624
945 2197 5738 8591
946 6932 8715 4289
947 5338 2687 9904
948 9798 5599 9681
949 9485 7471 3468
950 5491 9266 4994
951 5231 4705 3088
952 849 1897 4640
953 7828 4772 7909
954 813 9403 4
955 8059 5644 4810
956 1567 467 5146
957 8700 6934 5509
958 1191 326 8136
959 9168 1261 2241
960 10 616 265
961 5257 1166 2817
962 3812 1351 5254
963 3531 3053 5109
964 1652 8943 6827
965 9230 7961 5640
966 1858 4151 6888
967 5042 5282 9670
968 2377 8214 5027
969 5149 6604 1971
970 8697 7731 8393
971 9590 7107 8694
972 9623 266 9751
973 1072 4916 6449
974 381 5762 3681
975 1931 1919 8091
976 9610 1128 6393
977 3778 638 6608
978 7000 3154 2146
979 5001 6443 9974
980 3237 7067 562
981 3940 9854 6289
982 2341 6363 1825
983 7365 6522 7149
984 9845 7880 1566
985 9064 1792 6737
986 4181 9657 7711
987 9605 1028 9990
988 4162 316 7873
989 1967 144 4822
990 8708 1734 6598
991 9434 3486 5987
992 9886 1471 3142
993 1150 2743 8492
994 470 8071 5165
995 6706 4240 7866
996 7594 1750 8640
997 624 4141 6666
998 5344 695 8059
999 7680 2079 19
1000 3967 5721 5047
1001 4254 88 86
1002 4008 -95 -42
1003 7887 89 84
1004 1040 -31 -40
1005 8451 89 7
1006 2835 -1 -26
1007 3433 66 0
1008 9792 -47 -92
1009 1254 63 33
1010 6900 -69 -94
1011 1295 89 33
1012 1272 -43 -60
1013 9916 16 51
1014 7151 -44 -81
1015 6664 80 1
1016 202 -69 -31
1017 3651 87 72
1018 997 -79 -96
1019 2046 86 77
1020 6597 -1 -80
1021 9864 36 70
1022 5351 -53 -50
1023 4640 12 20
1024 2533 -66 -28
1025 6804 99 12
1026 6658 -97 -76
1027 2545 67 18
1028 3145 -65 -83
1029 7736 58 29
1030 8767 -78 -51
1031 7411 80 27
1032 4830 -98 -26
1033 7225 9 39
1034 4566 -69 -44
1035 1329 36 46
1036 7343 -35 -86
1037 3769 85 92
1038 6436 -88 -1
1039 9175 64 15
1040 1523 -31 -9
1041 6680 91 13
1042 5386 -56 -94
1043 2780 59 27
1044 6718 -25 -97
1045 9223 7 71
1046 9272 -27 -1
1047 8028 6 44
1048 2638 -18 -16
1049 3396 28 46
1050 6334 -4 -25
1051 4483 92 85
1052 9650 -33 -87
1053 5414 82 91
1054 3460 -27 -93
1055 1319 93 29
1056 7625 -71 -71
1057 7829 44 26
1058 7683 -2 -4
1059 415 11 47
1060 6711 -58 -47
1061 9694 58 46
1062 4303 -58 -19
1063 4750 41 46
1064 2695 -44 -37
1065 3477 53 66
1066 6338 -72 0
1067 3789 56 37
1068 901 -79 -97
1069 239 63 66
1070 8676 -37 -67
1071 78 88 92
1072 3203 -90 -26
1073 445 11 68
1074 1759 -60 -81
1075 2464 75 72
1076 2082 -42 -72
1077 5694 95 22
1078 7624 -95 -37
1079 833 41 21
1080 2071 -31 -66
1081 4469 5 58
1082 5400 -22 0
1083 7551 99 93
1084 9210 -77 -87
1085 6118 53 26
1086 9089 -32 -36
1087 5601 66 60
1088 9323 -72 -89
1089 387 31 54
1090 9878 -6 -70
1091 3388 64 43
1092 6959 -99 -74
1093 4363 91 33
1094 2406 -18 -12
1095 3887 1 42
1096 4000 -97 -23
1097 6112 62 16
1098 860 -72 -96
1099 3460 56 80
1100 8770 -75 -35
1101 100 99 2
1102 9624 -10 -67
1103 2030 10 3
1104 9880 -15 -70
1105 8137 5 66
1106 7590 -45 -26
1107 3126 90 4
1108 2157 -49 -70
1109 4217 29 37
1110 2699 -30 -19
1111 5703 96 28
1112 907 -31 -1
1113 9233 25 32
1114 2572 -47 -36
1115 5185 2 6
1116 4060 -94 -81
1117 9496 62 63
1118 460 -18 -66
1119 9485 25 12
1120 1207 -87 -82
1121 7578 50 95
1122 1311 -40 -90
1123 2362 56 77
1124 2625 -53 -22
1125 3843 74 49
1126 6151 -29 -11
1127 1807 76 69
1128 5969 -16 -45
1129 1865 76 14
1130 7326 -73 -9
1131 9886 98 9
1132 2297 -28 -67
1133 2924 17 25
1134 212 -97 -67
1135 8506 49 41
1136 8175 -13 -65
1137 3226 56 39
1138 1979 -77 -78
1139 5708 48 54
1140 9905 -19 -40
1141 284 54 55
1142 6014 -50 -32
1143 8055 6 57
1144 5093 -90 -68
1145 6849 63 41
1146 9567 -46 -5
1147 4083 19 99
1148 9940 -40 -83
1149 9380 39 63
1150 442 -25 -37
1151 922 43 6
1152 3976 -12 -70
1153 8886 90 34
1154 889 -93 -10
1155 4850 18 62
1156 741 -74 -1
1157 87 48 15
1158 3108 -80 -34
1159 746 35 39
1160 1596 -66 -97
1161 7645 12 57
1162 2816 -64 -7
1163 7721 32 48
1164 5378 -35 -36
1165 8871 90 37
1166 9885 -19 -63
1167 6292 32 69
1168 5180 -40 -44
1169 7835 58 10
1170 5930 -43 -99
1171 9377 38 65
1172 3194 -2 -50
1173 5109 23 81
1174 3151 -90 -6
1175 6213 81 70
1176 4412 -14 -45
1177 3049 60 40
1178 7057 -99 -8
1179 22 84 84
1180 4374 -30 -61
1181 9246 37 69
1182 8258 -31 -57
1183 5931 38 30
1184 459 -69 -15
1185 6758 17 18
1186 5751 -79 -25
1187 5563 73 30
1188 2165 -38 -47
1189 512 80 75
1190 885 -7 -43
1191 4144 42 64
1192 7085 -10 -32
1193 2004 32 10
1194 1017 -47 -16
1195 9209 40 46
1196 2042 -19 -21
1197 8126 17 77
1198 6163 -19 -94
1199 8286 89 15
1200 4881 -60 -56
1201 3712 93 1
1202 1037 -22 -6
1203 9441 92 82
1204 9473 -40 -70
1205 298 81 17
1206 7413 -66 -85
1207 5757 27 5
1208 9675 -90 -32
1209 3869 96 98
1210 4255 -93 -9
1211 5187 16 29
1212 4483 -16 -73
1213 7183 96 43
1214 1997 -14 -1
1215 1499 16 7
1216 6958 -18 -8
1217 6123 81 11
1218 3705 -76 -4
1219 2067 49 70
1220 3906 -45 -11
1221 7680 39 47
1222 7608 -84 -15
1223 4901 25 24
1224 2524 -11 -49
1225 4592 29 34
1226 2025 -75 -60
1227 9672 86 97
1228 8920 -32 -66
1229 9380 90 5
1230 6715 -55 -5
1231 7159 21 2
1232 9557 -74 -23
1233 7494 52 7
1234 4975 -49 -11
1235 2476 87 49
1236 6315 -65 -55
1237 9632 31 27
1238 2075 0 -52
1239 4267 93 12
1240 800 -73 -61
1241 8085 2 27
1242 7451 -92 -51
1243 5850 75 71
1244 9756 -53 -93
1245 8717 5 93
1246 3630 -80 -7
1247 9566 92 48
1248 9266 -30 -24
1249 6650 54 4
1250 9225 -14 -39
1251 4367 21 66
1252 1384 -42 -99
1253 3775 25 38
1254 4700 -63 -79
1255 6328 49 80
1256 7146 -69 -98
1257 1354 61 19
1258 3580 -25 -73
1259 7353 60 13
1260 9090 -80 -52
1261 1777 56 43
1262 6385 -36 -71
1263 7700 22 23
1264 8165 -37 -12
1265 9806 10 63
1266 430 -16 -4
1267 7277 3 38
1268 3876 -49 -29
1269 8905 61 0
1270 9007 -30 -22
1271 681 34 99
1272 1911 -30 -85
1273 3307 33 70
1274 2129 -35 -59
1275 9444 28 27
1276 2472 -68 -46
1277 8492 25 46
1278 7881 -54 -31
1279 6238 4 30
1280 1807 -48 -66
1281 1901 54 60
1282 8337 -62 -64
1283 5427 50 26
1284 4297 -59 -9
1285 9461 53 87
1286 4874 -31 -49
1287 2779 29 2
1288 3906 -94 -3
1289 2415 20 19
1290 7410 -46 -17
1291 1432 0 7
1292 9073 -76 -1
1293 2044 51 57
1294 5734 -88 -46
1295 4497 14 40
1296 3436 -53 -89
1297 7748 39 60
1298 1473 -65 -99
1299 8774 58 41
1300 8351 -8 -14
1301 3451 55 16
1302 9248 -14 -42
1303 6238 5 21
1304 5906 -19 -59
1305 355 30 38
1306 7352 -50 -95
1307 7878 94 58
1308 8078 -36 -37
1309 6670 43 48
1310 5039 -53 -75
1311 1940 45 59
1312 4385 -32 -56
1313 603 68 17
1314 6738 -71 -57
1315 1499 32 86
1316 579 -48 -7
1317 3155 99 0
1318 6705 -73 -26
1319 7375 82 24
1320 1491 -44 -92
1321 1023 7 94
1322 948 -25 -29
1323 7853 75 12
1324 9617 -91 -21
1325 8005 79 71
1326 2610 -43 -94
1327 8082 56 80
1328 1181 -82 -10
1329 1647 96 64
1330 8331 -54 -50
1331 6450 30 47
1332 672 -4 -97
1333 7508 24 83
1334 6239 -96 -6
1335 1091 24 62
1336 6042 -8 -11
1337 2497 35 75
1338 6008 -42 -1
1339 5494 98 11
1340 9088 -2 -17
1341 7953 17 35
1342 1211 -31 -81
1343 1899 38 10
1344 4670 -39 -37
1345 3990 21 9
1346 8209 -96 -59
1347 4442 66 32
1348 9418 -35 -82
1349 5103 6 59
1350 6126 -92 -76
1351 5390 47 58
1352 9088 -67 -15
1353 973 82 79
1354 4989 -53 -81
1355 7598 94 84
1356 8416 -18 -82
1357 8073 42 84
1358 5427 -16 -80
1359 1544 86 55
1360 4545 -77 -72
1361 1384 55 47
1362 4637 -33 -62
1363 10000 69 62
1364 3470 -57 -47
1365 8423 64 12
1366 9838 -4 -41
1367 155 37 58
1368 8686 -20 -22
1369 4129 54 2
1370 8759 -28 -82
1371 5759 43 83
1372 6438 -48 -64
1373 3527 93 18
1374 1770 -34 -79
1375 5352 69 84
1376 4770 -44 -51
1377 5535 92 39
1378 324 -35 -20
1379 1808 98 97
1380 4872 -85 -18
1381 6570 84 51
1382 6201 -76 -45
1383 3416 45 61
1384 9495 -21 -53
1385 2013 86 22
1386 3504 -75 -82
1387 2571 79 60
1388 7670 -25 -40
1389 1038 7 58
1390 6657 -76 -35
1391 8510 63 99
1392 4683 -60 -92
1393 9403 22 91
1394 912 -4 -8
1395 5720 27 98
1396 5800 -23 -98
1397 6129 19 98
1398 3357 -46 -70
1399 8037 56 77
1400 1691 -19 -63
1401 601 0 49
1402 846 -38 -17
1403 6115 1 73
1404 7829 -23 -44
1405 1440 52 31
1406 5773 -86 -71
1407 8910 81 98
1408 3674 -71 -16
1409 3259 32 63
1410 2469 -31 -9
1411 5214 46 81
1412 3293 -37 -58
1413 296 85 74
1414 8690 -56 -68
1415 701 18 23
1416 9406 -71 -96
1417 2153 57 91
1418 6134 -6 -5
1419 5499 95 59
1420 482 -43 -37
1421 3860 61 92
1422 8927 -60 -29
1423 8173 66 29
1424 5932 -4 -18
1425 5672 79 70
1426 7001 -53 -35
1427 7395 85 32
1428 8474 -6 -50
1429 4750 89 16
1430 5303 -88 -80
1431 4300 18 42
1432 9042 -68 -88
1433 7326 20 44
1434 7377 0 -2
1435 3036 6 48
1436 9471 -40 -21
1437 3709 8 52
1438 4064 -14 -11
1439 2834 25 75
1440 5337 -47 -8
1441 3592 85 71
1442 9089 -23 -10
1443 5840 78 1
1444 2006 -40 -28
1445 4479 32 44
1446 2181 -35 -66
1447 2535 13 71
1448 8361 -48 -4
1449 2682 39 21
1450 8564 -28 -59
1451 2244 41 49
1452 3441 -27 -22
1453 7036 55 67
1454 5187 -88 -21
1455 7288 79 25
1456 3951 -18 -31
1457 4982 93 78
1458 1066 0 -34
1459 4691 66 3
1460 9283 -9 -85
1461 7230 86 96
1462 5675 -40 -2
1463 9549 81 53
1464 7364 -56 -70
1465 1645 67 85
1466 7797 -16 -11
1467 3613 51 40
1468 5141 -43 -11
1469 6185 73 95
1470 720 -17 -45
1471 7755 38 43
1472 419 -7 -76
1473 8324 95 65
1474 9734 -68 -10
1475 1420 48 65
1476 6046 -34 -54
1477 3561 29 24
1478 7119 -50 -90
1479 1455 86 95
1480 7042 -35 -71
1481 5 70 73
1482 1658 -68 -71
1483 8563 7 43
1484 4749 -73 -85
1485 6932 52 79
1486 8882 -68 -3
1487 2784 18 17
1488 8319 -41 -6
1489 8713 54 56
1490 445 -49 -22
1491 9342 97 9
1492 1696 -29 -33
1493 4905 67 43
1494 4893 -34 -42
1495 3594 92 91
1496 4795 -24 -88
1497 9993 64 67
1498 9138 -35 -50
1499 8848 48 7
1500 2525 -82 -23
1501 8550 82 83
1502 76 -46 -98
1503 2788 20 52
1504 2709 -86 -90
1505 7478 27 83
1506 6981 -25 -63
1507 5110 37 9
1508 2478 -10 -10
1509 9978 72 1
1510 374 -80 -78
1511 1714 65 51
1512 6760 -77 -3
1513 5187 80 90
1514 6907 -77 -40
1515 82 70 55
1516 6190 -33 -82
1517 9998 24 10
1518 5004 -92 -7
1519 2181 11 87
1520 198 -83 -86
1521 1869 18 89
1522 658 -37 -34
1523 1434 86 41
1524 3809 -53 -28
1525 1584 10 58
1526 5927 -4 -65
1527 7087 27 99
1528 3579 -68 -91
1529 9577 15 62
1530 3180 -17 -14
1531 4546 64 90
1532 2867 -76 -72
1533 4703 56 27
1534 769 -20 -77
1535 5998 60 73
1536 8050 -45 -89
1537 1968 86 75
1538 399 -90 -44
1539 9730 63 4
1540 1575 -41 -10
1541 5914 29 97
1542 1866 -28 -25
1543 735 37 29
1544 3966 -45 -54
1545 5902 54 22
1546 8000 -51 -52
1547 6087 56 59
1548 7862 -83 -31
1549 4193 29 97
1550 2263 -37 -23
1551 3759 55 71
1552 1241 -27 -28
1553 1034 25 63
1554 3637 -32 -12
1555 5577 18 76
1556 7736 -63 -74
1557 6809 29 31
1558 5769 -43 -38
1559 6510 61 7
1560 3297 -73 -89
1561 9259 78 24
1562 6211 -6 0
1563 2364 53 65
1564 2616 -92 -11
1565 2062 92 72
1566 3655 -19 -90
1567 418 20 10
1568 8280 -73 -47
1569 9423 82 75
1570 8578 -90 -76
1571 581 6 58
1572 4591 -99 -44
1573 8521 63 9
1574 8841 -35 -22
1575 5960 40 40
1576 6219 -7 -33
1577 9606 17 85
1578 6344 -22 -37
1579 6608 21 40
1580 3260 -9 -26
1581 3561 8 38
1582 3868 -73 -42
1583 2929 34 25
1584 3900 -38 -2
1585 1782 45 6
1586 8502 -11 -27
1587 6139 66 1
1588 1629 -54 -62
1589 1602 8 67
1590 516 -83 -85
1591 8987 47 30
1592 101 -34 -5
1593 5570 31 31
1594 6729 -58 -1
1595 1705 80 22
1596 2518 -35 -85
1597 3445 9 10
1598 703 -37 -93
1599 9107 12 58
1600 1653 -6 -51
1601 735 77 73
1602 6137 -33 -48
1603 746 31 20
1604 9538 -5 -85
1605 7940 6 17
1606 6196 -85 -64
1607 3412 47 77
1608 8855 -86 -58
1609 9842 65 38
1610 1120 -13 -34
1611 7658 12 4
1612 1286 0 -72
1613 9495 40 27
1614 3137 -90 -8
1615 6322 15 23
1616 388 -92 -12
1617 4732 20 52
1618 989 -22 -18
1619 1009 25 67
1620 5412 -90 -11
1621 4279 69 25
1622 5482 -38 -46
1623 524 37 57
1624 9626 -36 -61
1625 3799 43 61
1626 4484 -95 -58
1627 2513 23 70
1628 6819 -66 -37
1629 5785 87 39
1630 5064 -5 -80
1631 4378 87 11
1632 7280 -78 -97
1633 6653 0 0
1634 9144 -17 -3
1635 4146 89 7
1636 4470 -38 -42
1637 4038 29 81
1638 5166 -6 -97
1639 1351 90 90
1640 485 -92 -41
1641 5013 29 62
1642 605 -98 -65
1643 8439 8 56
1644 9828 -50 -5
1645 5579 68 8
1646 2956 -63 -68
1647 4182 49 34
1648 9717 -96 -27
1649 3614 10 96
1650 4412 -28 -59
1651 6934 73 26
1652 7291 -27 -37
1653 9693 29 20
1654 5495 -8 -76
1655 6924 36 52
1656 1754 -36 -30
1657 195 73 23
1658 5351 -3 -72
1659 2406 38 81
1660 2542 -76 -10
1661 8859 45 92
1662 4027 -86 -61
1663 9215 64 37
1664 988 -79 -94
1665 9863 43 99
1666 9799 -61 -92
1667 8705 96 84
1668 4256 -51 -38
1669 1266 17 92
1670 5635 -87 -62
1671 4070 75 9
1672 7484 -80 -4
1673 6631 6 76
1674 8446 -36 -72
1675 470 41 21
1676 6203 -40 -25
1677 2134 49 10
1678 6962 -73 -97
1679 6854 92 80
1680 5515 -95 -22
1681 4891 44 50
1682 120 -46 -60
1683 8564 58 99
1684 9515 -75 -55
1685 6202 8 67
1686 8127 -31 -95
1687 1894 56 91
1688 3662 -88 -26
1689 7569 93 45
1690 452 -17 -23
1691 3386 80 97
1692 1242 -6 -30
1693 3292 61 20
1694 464 -29 -23
1695 6831 9 10
1696 1284 -41 -80
1697 1908 70 81
1698 5160 -63 -76
1699 2280 12 99
1700 7268 -62 -89
1701 7682 65 90
1702 5439 -1 -90
1703 8116 32 27
1704 924 -18 -92
1705 8853 27 54
1706 6898 -37 -38
1707 2716 96 58
1708 6060 -50 -5
1709 9382 95 10
1710 1322 -9 -82
1711 7029 85 7
1712 2492 -5 -56
1713 7129 61 36
1714 2690 -11 -50
1715 4507 20 13
1716 3330 -55 -55
1717 266 46 17
1718 9479 -59 -28
1719 7023 72 84
1720 9405 -9 -29
1721 7779 38 98
1722 52 -40 -92
1723 4494 32 23
1724 5866 -77 -65
1725 9488 48 81
1726 6208 -56 -22
1727 2790 87 12
1728 3766 -8 -90
1729 9999 87 84
1730 6538 -48 -20
1731 7674 68 14
1732 1283 -77 -64
1733 5066 22 29
1734 5464 -73 -92
1735 6538 29 44
1736 8091 -10 -78
1737 4224 72 37
1738 6622 -62 -23
1739 5935 26 62
1740 3920 -70 -68
1741 545 21 23
1742 6226 -59 -46
1743 9401 71 68
1744 2856 -68 -42
1745 597 54 68
1746 7567 -78 -8
1747 7353 81 17
1748 4721 -14 -13
1749 4275 99 62
1750 1461 -49 -43
1751 3916 26 68
1752 933 -10 -42
1753 3304 11 31
1754 3664 -98 -61
1755 5979 18 12
1756 8732 -36 -19
1757 3041 26 95
1758 2858 -93 -29
1759 4971 15 7
1760 4576 -49 -44
1761 1127 3 15
1762 4477 -77 -79
1763 8883 86 9
1764 4365 -78 -68
1765 7353 64 89
1766 9177 -42 -39
1767 9250 97 10
1768 2151 -2 -39
1769 8513 65 6
1770 7653 -98 -52
1771 4740 80 80
1772 9202 -75 -22
1773 4184 74 26
1774 3400 -99 -67
1775 5422 16 78
1776 9400 -66 -57
1777 1438 71 89
1778 7330 -99 -86
1779 5170 33 11
1780 9950 -69 -55
1781 2156 71 72
1782 2099 -95 -3
1783 340 72 11
1784 9433 -55 -39
1785 2446 7 19
1786 4049 -10 -17
1787 2675 69 82
1788 401 -8 -23
1789 6260 93 93
1790 9482 -24 -37
1791 1505 37 92
1792 4746 -70 -67
1793 4095 65 0
1794 5882 -21 -44
1795 2462 6 2
1796 4538 -54 -26
1797 3365 27 16
1798 7920 -28 -83
1799 9870 94 95
1800 9995 -50 -69
1801 1122 65 30
1802 1869 -32 -72
1803 2668 11 55
1804 9309 -33 -82
1805 3716 64 7
1806 1382 -28 -35
1807 2659 5 58
1808 8304 -37 -74
1809 2719 41 64
1810 6514 -73 -70
1811 3968 49 93
1812 1162 -70 -5
1813 3028 1 49
1814 3586 -44 -92
1815 2762 12 11
1816 7327 -80 -51
1817 2020 39 0
1818 2819 -67 -17
1819 6442 19 21
1820 6679 -91 -99
1821 7985 39 4
1822 1899 -75 -23
1823 3882 44 48
1824 5757 -44 -81
1825 275 3 47
1826 4409 -6 -6
1827 8490 62 80
1828 251 -95 -94
1829 2296 28 71
1830 7014 -80 -19
1831 9030 33 81
1832 4003 -76 -60
1833 1900 72 67
1834 1976 -95 -67
1835 2938 98 99
1836 7352 -1 -48
1837 3956 74 96
1838 7573 -87 -90
1839 3034 42 30
1840 9129 -22 -74
1841 4771 10 63
1842 4130 -36 -17
1843 4447 41 85
1844 3495 -29 -88
1845 2636 92 39
1846 9718 -79 -91
1847 5590 21 56
1848 9998 -64 -21
1849 9538 78 28
1850 9896 -87 -62
1851 663 4 11
1852 5973 -89 -66
1853 1956 81 48
1854 6015 -94 -20
1855 450 31 60
1856 4110 -59 -7
1857 7969 19 25
1858 8471 -23 -49
1859 6584 62 62
1860 9811 -49 -13
1861 7529 72 19
1862 4164 -26 -17
1863 6704 73 91
1864 9118 -42 -72
1865 9717 74 85
1866 1935 -30 -96
1867 3204 62 45
1868 4018 -12 -57
1869 2537 95 34
1870 6298 -77 -43
1871 3205 70 42
1872 7936 -99 -4
1873 6420 84 59
1874 5636 -48 -9
1875 5865 90 86
1876 3957 -50 -55
1877 313 65 99
1878 5561 -51 -66
1879 381 67 86
1880 7377 -90 -29
1881 829 95 87
1882 1611 -91 -37
1883 7238 22 50
1884 8051 -34 -40
1885 2001 83 5
1886 5475 -46 -82
1887 4923 84 67
1888 1573 -72 -33
1889 4603 25 95
1890 4175 -77 -79
1891 4539 92 60
1892 2705 -27 -43
1893 1089 13 33
1894 7612 -97 -43
1895 6690 51 59
1896 2192 -8 -95
1897 812 33 53
1898 9789 -81 -28
1899 3928 95 78
1900 5373 -58 -34
1901 8009 56 86
1902 4704 -84 -81
1903 5894 89 51
1904 1950 -45 -81
1905 8466 33 82
1906 6772 0 -12
1907 5651 51 13
1908 64 -85 0
1909 5272 54 69
1910 9238 -92 -67
1911 7087 53 86
1912 7391 -8 -85
1913 780 17 43
1914 8801 -90 -57
1915 5366 82 1
1916 6276 -64 -15
1917 8301 39 57
1918 3652 -77 -95
1919 3318 11 25
1920 5980 -3 -76
1921 1115 46 70
1922 1412 -53 -13
1923 273 94 72
1924 1171 -48 -48
1925 3582 77 53
1926 6815 -71 -5
1927 6376 73 34
1928 9380 -87 -36
1929 7496 74 94
1930 2195 -79 -34
1931 3231 21 9
1932 7679 -88 -12
1933 2010 29 51
1934 6575 -81 -13
1935 8695 86 39
1936 8332 -89 -11
1937 9099 47 60
1938 9019 -5 -1
1939 8707 84 27
1940 6119 -41 -91
1941 1987 12 86
1942 6667 -43 -78
1943 1496 40 15
1944 3705 -46 -75
1945 5136 74 89
1946 5487 -62 -88
1947 6962 2 94
1948 5881 -48 -14
1949 1013 11 81
1950 2774 -98 -46
1951 4663 27 58
1952 9893 -98 -98
1953 9600 6 69
1954 4815 -72 0
1955 1296 87 93
1956 997 -76 -86
1957 1264 29 37
1958 1192 -53 -95
1959 8489 77 54
1960 3300 -30 -58
1961 7800 97 4
1962 8255 -92 -85
1963 6817 92 35
1964 5080 -62 -98
1965 5070 19 28
1966 3300 -3 -64
1967 1232 39 70
1968 3249 -28 -53
1969 3659 43 28
1970 3979 -44 -59
1971 9850 4 95
1972 4461 -92 -67
1973 3723 97 85
1974 4652 -47 -82
1975 771 82 91
1976 5552 -97 -77
1977 3765 88 15
1978 7028 -31 -8
1979 9307 91 73
1980 5325 -56 -40
1981 997 3 81
1982 5597 -80 -13
1983 7758 82 47
1984 8847 -70 -37
1985 9534 60 41
1986 4197 -93 -47
1987 8194 66 49
1988 7954 -38 -11
1989 9686 52 63
1990 2055 -30 -53
1991 4573 51 98
1992 474 -17 -88
1993 2029 18 50
1994 8152 -73 -43
1995 9967 94 89
1996 2363 -39 -6
1997 4130 70 72
1998 1597 -75 -90
1999 577 28 17
2000 7302 -38 -11
2001 3833 73 44
2002 1159 -64 -50
2003 7429 1 60
2004 1863 -74 -82
2005 573 77 66
2006 6693 -17 -94
2007 5181 57 70
2008 6485 -86 -66
2009 9321 57 72
2010 5440 -3 -74
2011 6560 1 94
2012 6046 -93 -18
2013 6475 59 58
2014 5465 -11 -4
2015 2682 14 66
2016 4647 -27 -79
2017 1128 98 89
2018 8216 -12 0
2019 4720 14 77
2020 1294 -90 -20
2021 4182 49 21
2022 7281 -85 -3
2023 1179 26 45
2024 7398 -30 -97
2025 8325 56 23
2026 9224 -66 -69
2027 2143 95 37
2028 1857 -47 -33
2029 6163 24 10
2030 467 -40 -98
2031 21 75 31
2032 1625 -42 -50
2033 6615 98 56
2034 9673 -88 -96
2035 9744 58 59
2036 53 -94 -70
2037 6955 87 93
2038 5442 -32 -79
2039 8693 60 58
2040 3342 -68 -74
2041 3119 78 13
2042 1076 -16 -65
2043 5140 54 70
2044 83 -34 -26
2045 1523 66 80
2046 4208 -74 -49
2047 8432 70 44
2048 19 -55 -49
2049 8464 7 57
2050 5986 -64 -94
2051 106 8 33
2052 2762 -89 -46
2053 3929 33 84
2054 7909 -26 -47
2055 3506 65 1
2056 8953 -80 -3
2057 5026 77 74
2058 9394 -97 -55
2059 2791 89 25
2060 1093 -2 -18
2061 1853 41 59
2062 603 -13 -98
2063 2674 18 36
2064 5191 -79 -74
2065 6407 73 19
2066 1758 -39 -33
2067 3512 79 31
2068 6384 -10 -19
2069 9279 18 82
2070 4010 -64 -93
2071 3762 93 58
2072 3179 -47 -88
2073 9008 39 0
2074 5234 -61 -7
2075 4035 68 69
2076 3518 -27 -24
2077 2204 6 5
2078 603 -91 -72
2079 1936 96 55
2080 6132 -58 -16
2081 8182 66 55
2082 3304 -69 -64
2083 4983 91 84
2084 4176 -63 -31
2085 2706 52 91
2086 4067 -37 -16
2087 3030 4 21
2088 3886 -49 -61
2089 9066 76 34
2090 2199 -73 -13
2091 4930 62 17
2092 5280 -73 -51
2093 9588 0 4
2094 4908 -31 -73
2095 1400 54 89
2096 9958 -75 -15
2097 6181 71 85
2098 9294 -75 -3
2099 157 82 47
2100 4819 -98 -54
2101 1740 37 30
2102 2474 -53 -57
2103 9196 51 13
2104 3979 -46 -19
2105 3125 13 8
2106 1730 -39 -14
2107 2337 95 64
2108 7168 -13 -10
2109 4084 95 39
2110 4919 -33 -10
2111 2024 69 79
2112 1477 -61 -40
2113 9623 71 57
2114 3626 -21 -50
2115 6401 83 39
2116 2581 -40 -57
2117 1079 9 23
2118 6286 -94 -12
2119 6548 82 92
2120 9628 -12 -39
2121 5904 91 3
2122 5741 -47 -16
2123 2441 77 86
2124 7707 -17 -48
2125 1556 27 91
2126 7637 -20 -90
2127 4033 51 3
2128 1100 -66 -80
2129 1686 81 67
2130 5066 -53 -8
2131 3114 12 41
2132 8189 -1 -40
2133 6463 96 14
2134 671 -88 -2
2135 1674 82 65
2136 927 -47 -47
2137 5966 84 87
2138 7708 -91 -30
2139 485 70 48
2140 9831 -76 -65
2141 9754 42 51
2142 5992 -27 -30
2143 6887 56 98
2144 3998 -32 -20
2145 4451 51 38
2146 5569 -66 -43
2147 8881 9 59
2148 2749 -9 -67
2149 2805 38 47
2150 4328 -82 -41
2151 544 38 52
2152 947 -15 -24
2153 3481 66 75
2154 7608 -37 -82
2155 1494 39 94
2156 9564 -29 -42
2157 8547 21 5
2158 4101 -2 -62
2159 3378 2 33
2160 7750 -17 -43
2161 1777 19 58
2162 1625 -43 -10
2163 7283 92 78
2164 4941 -22 -42
2165 4319 93 39
2166 3992 -55 -23
2167 9120 66 43
2168 4048 -22 -19
2169 5877 98 83
2170 5396 -46 -99
2171 2173 68 34
2172 2294 -80 -54
2173 6266 68 10
2174 2951 -2 -13
2175 5017 37 29
2176 360 -50 -70
2177 804 82 92
2178 2304 -4 -43
2179 1660 52 87
2180 2068 -40 -79
2181 2463 82 86
2182 4746 -8 -11
2183 5163 6 12
2184 1752 -27 -43
2185 7064 80 88
2186 2096 -57 -17
2187 5107 0 29
2188 683 -36 -42
2189 5531 70 22
2190 5439 -51 -34
2191 9442 49 80
2192 7372 -39 -25
2193 3787 23 83
2194 5123 -54 -50
2195 4118 1 53
2196 7357 -67 -39
2197 1534 57 31
2198 3149 -99 -90
2199 1960 9 7
2200 9094 -65 -24
2201 3538 89 47
2202 5633 -99 -40
2203 5112 37 65
2204 408 -89 -37
2205 6130 32 20
2206 2136 -88 -55
2207 5543 96 55
2208 9570 -28 -78
2209 5625 15 92
2210 7474 -50 -48
2211 9715 21 20
2212 5397 0 -70
2213 7362 94 43
2214 1778 -97 -14
2215 8184 17 65
2216 6511 -36 -60
2217 5093 66 43
2218 9075 -98 -89
2219 280 73 60
2220 2086 -73 -22
2221 5299 45 36
2222 964 -77 -3
2223 3368 16 21
2224 4283 -27 -50
2225 7360 85 20
2226 1129 -14 -82
2227 4905 60 96
2228 8945 -21 -37
2229 1697 78 5
2230 8388 -91 -45
2231 2393 10 42
2232 6407 -33 -54
2233 7468 93 3
2234 3424 -93 -26
2235 3864 64 7
2236 2369 -7 -90
2237 8225 70 18
2238 7254 -45 -34
2239 4366 26 18
2240 3213 -71 -49
2241 5802 21 89
2242 3527 -46 -7
2243 863 41 24
2244 2848 -75 -48
2245 5439 34 99
2246 3182 -73 -34
2247 6487 69 23
2248 1711 -31 -12
2249 2380 65 8
2250 7333 -82 -31
2251 4960 54 23
2252 1017 -31 -34
2253 6416 69 0
2254 1443 -2 -33
2255 8993 35 40
2256 9427 -37 -17
2257 8410 75 18
2258 8323 -75 -35
2259 7122 51 69
2260 7801 -40 -41
2261 4421 64 11
2262 1859 -24 -21
2263 199 42 14
2264 5628 -87 -96
2265 3585 97 85
2266 2601 -67 -87
2267 369 16 40
2268 8161 0 -61
2269 1176 96 55
2270 7713 -80 -51
2271 2778 89 44
2272 4131 -11 -36
2273 8811 36 13
2274 8515 -46 -33
2275 9879 84 87
2276 4994 -42 -53
2277 8091 2 95
2278 1737 -63 -15
2279 6444 87 51
2280 847 -3 -87
2281 5755 0 59
2282 7749 -49 -5
2283 8470 47 45
2284 7557 -92 -68
2285 9759 19 49
2286 9350 -20 -10
2287 9236 2 55
2288 4501 -2 -92
2289 1837 99 1
2290 8628 -87 -58
2291 724 19 14
2292 7093 -36 -27
2293 9939 59 75
2294 652 -96 -25
2295 4419 41 79
2296 7543 -25 -83
2297 4864 45 21
2298 2633 -60 -75
2299 7678 5 86
2300 566 -30 -77
2301 308 97 61
2302 4003 -86 -83
2303 5067 80 78
2304 5391 -11 -81
2305 5789 26 12
2306 8882 -11 -98
2307 4249 74 49
2308 9507 -4 -69
2309 9302 93 65
2310 9980 -38 -17
2311 9159 3 60
2312 7656 -10 -94
2313 1334 92 8
2314 6983 -24 -55
2315 7152 92 15
2316 4624 -6 0
2317 7086 97 24
2318 2890 -9 -20
2319 6532 0 31
2320 6974 -95 -20
2321 7142 63 50
2322 1765 -59 -43
2323 9717 63 74
2324 7752 -14 -78
2325 2232 94 41
2326 4872 -28 -42
2327 8635 34 14
2328 7352 -29 -66
2329 8687 36 58
2330 263 -96 -96
2331 650 84 27
2332 8894 -25 -80
2333 5489 0 36
2334 391 -55 -37
2335 6475 29 93
2336 2582 -7 -37
2337 1671 84 91
2338 4720 -59 -79
2339 2922 58 99
2340 6881 -13 -23
2341 4736 98 87
2342 7115 -75 -24
2343 3385 86 27
2344 7775 -11 -82
2345 4692 32 84
2346 4679 -94 -42
2347 5681 57 4
2348 4846 -91 -44
2349 2054 63 10
2350 8101 -43 -70
2351 8611 0 84
2352 5184 -25 -55
2353 6801 94 42
2354 258 -35 -57
2355 4720 29 92
2356 5580 -57 -6
2357 4906 98 48
2358 9241 -4 -14
2359 6676 29 81
2360 9858 -32 -12
2361 8747 33 15
2362 2367 -2 -70
2363 513 77 78
2364 2851 -65 -43
2365 9682 35 51
2366 5403 -33 -43
2367 8788 29 68
2368 1903 -83 -36
2369 2054 70 43
2370 8010 -71 -34
2371 8002 84 69
2372 1614 -77 -59
2373 5131 72 52
2374 7568 -7 -95
2375 5673 84 32
2376 4103 -63 -81
2377 5369 84 59
2378 4798 -57 -72
2379 9680 5 23
2380 9399 -7 -83
2381 6807 37 5
2382 5516 -98 -13
2383 5034 24 69
2384 53 -65 -2
2385 9920 95 11
2386 5900 -60 -93
2387 5388 62 81
2388 6615 -38 -1
2389 5347 96 53
2390 5810 -63 -47
2391 9100 52 88
2392 2365 -10 -88
2393 1520 17 11
2394 6667 -31 -1
2395 3137 26 41
2396 3038 -78 -19
2397 1905 83 59
2398 1548 -95 -17
2399 5004 74 35
2400 7809 -15 -12
2401 715 37 72
2402 349 -51 -37
2403 4606 33 60
2404 9199 -61 -11
2405 3584 77 3
2406 6965 -32 -40
2407 3375 50 79
2408 574 -83 -1
2409 7463 63 66
2410 7893 -88 -90
2411 6009 22 29
2412 4796 -69 -53
2413 7845 79 79
2414 6785 -97 -91
2415 1807 62 0
2416 7443 -82 -71
2417 2295 59 62
2418 8224 -63 -12
2419 41 63 5
2420 9599 -71 -44
2421 6098 30 19
2422 5582 -28 -74
2423 793 37 22
2424 6078 -95 -8
2425 5566 1 1
2426 3479 -53 -97
2427 9616 25 82
2428 2472 -19 -46
2429 4538 21 88
2430 7103 -10 -62
2431 5543 55 37
2432 6056 -77 -38
2433 6238 32 56
2434 9623 -46 -10
2435 9453 38 39
2436 4355 -97 -34
2437 3080 81 27
2438 2071 -54 -87
2439 6375 49 70
2440 6705 -25 -76
2441 1888 76 30
2442 2825 -77 -1
2443 1491 71 68
2444 4879 -30 -64
2445 1972 67 24
2446 1699 -50 -16
2447 5074 86 39
2448 4798 -96 -42
2449 3720 40 91
2450 4307 -42 -58
2451 2881 97 82
2452 9473 -7 -14
2453 7413 27 53
2454 3267 -69 -99
2455 3648 9 15
2456 7180 -51 -56
2457 8950 49 76
2458 6765 -77 -52
2459 2927 34 55
2460 759 -54 -7
2461 4299 18 85
2462 7357 -48 -87
2463 7778 75 54
2464 5527 -20 -6
2465 6938 87 83
2466 499 -79 -84
2467 2527 90 86
2468 1440 -96 -23
2469 9613 45 78
2470 3006 -65 -44
2471 2047 16 47
2472 2748 -10 -32
2473 1024 82 32
2474 9568 -6 -59
2475 3433 68 88
2476 6195 -48 -52
2477 6560 2 44
2478 7957 -13 -99
2479 4355 13 32
2480 5754 -12 -22
2481 2483 40 57
2482 7681 -33 -81
2483 4456 42 47
2484 1649 -64 -48
2485 4378 45 30
2486 1935 -58 -96
2487 8564 46 84
2488 9464 -24 -25
2489 8194 65 75
2490 5055 -90 -12
2491 4316 85 28
2492 4713 -55 -7
2493 8975 42 34
2494 3449 -63 -50
2495 6995 71 91
2496 4474 -4 -23
2497 5089 21 25
2498 2224 -55 -74
2499 754 27 61
2500 5223 -17 -47
2501 5133 91 80
2502 7841 -13 -5
2503 187 14 75
2504 3310 -20 -76
2505 2274 81 51
2506 5869 -28 -27
2507 7780 10 58
2508 7601 -75 -3
2509 8291 87 25
2510 7422 -50 -8
2511 5440 35 57
2512 4875 -90 -49
2513 3906 26 5
2514 7744 -30 -74
2515 2046 8 18
2516 7067 -60 -68
2517 7391 60 21
2518 8294 -82 -45
2519 495 82 45
2520 5146 -45 -3
2521 2756 5 23
2522 7981 -97 -40
2523 695 94 59
2524 2279 -22 -57
2525 5923 10 57
2526 3161 -46 -61
2527 5974 45 14
2528 1884 -2 -29
2529 9046 74 39
2530 1551 -6 -84
2531 6430 13 55
2532 67 -55 -94
2533 2512 11 60
2534 2531 -82 -60
2535 8951 42 33
2536 1310 -75 -88
2537 5930 0 58
2538 9920 -49 -25
2539 1363 37 45
2540 5375 -7 -25
2541 3141 55 93
2542 1381 -62 -45
2543 7199 11 43
2544 1375 -38 -32
2545 7805 57 44
2546 8957 0 -67
2547 6685 95 42
2548 7444 -71 -62
2549 6074 12 53
2550 8666 -6 -36
2551 671 57 60
2552 892 -84 -35
2553 9073 26 73
2554 6830 -32 -8
2555 6582 26 31
2556 5605 -61 -95
2557 6209 66 62
2558 6428 -29 -45
2559 8978 71 27
2560 720 -74 -77
2561 693 25 73
2562 8085 -36 -17
2563 4576 0 76
2564 1816 -47 -43
2565 1693 5 76
2566 6301 -88 -13
2567 8107 21 15
2568 1009 -20 -14
2569 71 10 98
2570 2408 -11 -7
2571 8751 79 18
2572 3578 -74 -89
2573 9289 43 13
2574 8056 -49 -51
2575 6218 46 97
2576 7616 -52 -78
2577 9482 25 43
2578 7356 -46 -46
2579 1627 48 58
2580 2395 -38 -23
2581 4813 58 12
2582 2504 -23 -62
2583 6463 95 34
2584 7215 -55 -71
2585 7937 45 20
2586 8613 -42 -91
2587 9127 8 65
2588 2771 -50 -59
2589 8734 86 54
2590 5848 -9 -62
2591 9232 37 49
2592 6930 -40 -1
2593 4457 62 57
2594 2897 -22 -90
2595 8043 22 84
2596 380 -83 -53
2597 2053 40 60
2598 8334 -60 -74
2599 5142 94 52
2600 3168 -60 -4
2601 5425 70 51
2602 1107 -86 -70
2603 8215 29 67
2604 76 0 -23
2605 76 95 28
2606 2266 -56 -11
2607 3001 91 18
2608 7576 -38 -61
2609 3774 90 12
2610 5138 -70 -5
2611 2623 20 74
2612 7672 -92 -69
2613 1058 11 92
2614 8735 -98 -32
2615 6617 84 61
2616 4144 -99 -46
2617 3164 34 8
2618 289 -35 -73
2619 4398 74 6
2620 9795 -38 -99
2621 5120 73 66
2622 1863 -75 -3
2623 4036 15 66
2624 3234 -22 -51
2625 1825 16 18
2626 6634 -91 -35
2627 1660 30 18
2628 9662 -98 -10
2629 1547 37 72
2630 8348 -32 -25
2631 198 77 96
2632 9840 -45 -57
2633 2351 22 80
2634 6171 -30 -69
2635 1888 32 29
2636 519 -1 -43
2637 6622 71 25
2638 2527 -46 -7
2639 8683 35 70
2640 5004 -60 -37
2641 1492 58 36
2642 6565 -82 -59
2643 8338 75 3
2644 9011 -82 -5
2645 8466 34 51
2646 1615 -39 -39
2647 4425 27 49
2648 4230 -52 -62
2649 4416 22 45
2650 3653 -24 -38
2651 1158 91 35
2652 4420 -80 -79
2653 5070 85 87
2654 2147 -21 -6
2655 3882 2 63
2656 7515 -74 -78
2657 6488 18 79
2658 5545 -13 -62
2659 1228 32 7
2660 3544 0 -22
2661 3518 93 6
2662 7415 -82 -57
2663 8680 9 5
2664 1249 -43 -5
2665 849 60 33
2666 671 -10 -76
2667 2165 14 52
2668 4879 -96 -70
2669 8899 44 60
2670 533 -32 -2
2671 6580 54 1
2672 9299 -11 -29
2673 6366 93 81
2674 4247 -44 -11
2675 413 5 22
2676 3539 -26 -3
2677 3874 29 46
2678 3433 -68 -57
2679 5451 80 18
2680 6240 -2 -39
2681 2806 34 68
2682 7662 -89 -88
2683 5120 57 26
2684 5621 -45 -69
2685 817 36 13
2686 9327 -37 -13
2687 8782 18 99
2688 403 -73 -19
2689 24 73 73
2690 444 -99 -41
2691 2724 60 64
2692 5042 -92 -36
2693 2109 25 46
2694 1144 -6 -76
2695 6765 23 66
2696 3843 -48 -82
2697 2846 28 76
2698 2454 -5 -35
2699 8237 48 12
2700 3854 -51 -62
2701 3734 22 45
2702 1195 -55 -7
2703 5807 80 83
2704 9429 -24 -14
2705 3553 94 43
2706 756 -33 -34
2707 4585 25 38
2708 5041 -43 -3
2709 1862 34 66
2710 8509 -60 -28
2711 4844 88 2
2712 3441 -58 -92
2713 218 7 4
2714 2263 -79 0
2715 2389 45 2
2716 1433 -74 -76
2717 3981 42 35
2718 4536 -2 -80
2719 6406 80 88
2720 8538 -58 -78
2721 1033 81 70
2722 1720 -11 -73
2723 924 35 16
2724 1793 -52 -5
2725 6348 52 31
2726 5494 -66 -60
2727 210 73 86
2728 9780 -13 -52
2729 3326 73 96
2730 5540 -10 -12
2731 2013 64 27
2732 3510 -21 -35
2733 3832 5 7
2734 4596 -97 -60
2735 5630 8 33
2736 8762 -43 -84
2737 6811 11 99
2738 1327 -91 -22
2739 4589 0 48
2740 3047 -61 -67
2741 6755 54 35
2742 7769 -45 -55
2743 4861 25 94
2744 4639 -51 -79
2745 6598 28 43
2746 2021 -78 -75
2747 4431 19 49
2748 8258 -81 -92
2749 5073 18 24
2750 6431 -63 -48
2751 1971 24 79
2752 3537 -80 -45
2753 7141 86 84
2754 4845 -36 -84
2755 1225 20 58
2756 8051 -68 -18
2757 4658 10 5
2758 1640 -46 -94
2759 9258 32 63
2760 4822 -37 0
2761 9822 96 77
2762 7909 -60 -92
2763 1435 62 11
2764 5868 -55 -43
2765 5515 57 11
2766 1128 -86 -60
2767 1369 10 96
2768 1304 -6 -21
2769 2055 60 61
2770 5387 -64 -50
2771 6994 79 16
2772 5014 -64 -94
2773 1897 0 42
2774 8514 -85 -20
2775 3889 68 43
2776 3276 -27 -89
2777 5802 75 98
2778 8147 -98 -49
2779 5245 82 23
2780 1455 -31 -44
2781 8802 61 93
2782 1369 -23 -96
2783 9230 75 12
2784 648 -81 -68
2785 3978 39 62
2786 2087 -35 -76
2787 7105 95 56
2788 2299 -17 -44
2789 7242 34 85
2790 7788 -4 -73
2791 4070 27 69
2792 593 -3 -68
2793 3895 64 79
2794 3371 -58 -1
2795 4631 38 51
2796 4638 -15 -85
2797 9997 11 56
2798 989 -31 -48
2799 2717 48 17
2800 7898 -4 -22
2801 5042 16 51
2802 530 -95 -60
2803 8893 19 11
2804 8115 -3 -4
2805 7248 66 88
2806 4676 -64 -25
2807 6603 53 24
2808 9998 -73 -72
2809 3951 92 85
2810 8329 -63 -80
2811 4696 22 7
2812 635 -44 -78
2813 2399 18 25
2814 9073 -44 -46
2815 3310 61 50
2816 4760 -65 -83
2817 1125 68 48
2818 4503 -94 -21
2819 7789 82 63
2820 8757 -33 -48
2821 1263 1 68
2822 6335 -47 -67
2823 4069 42 53
2824 8166 -20 -81
2825 5595 36 58
2826 8919 -40 -88
2827 9092 64 69
2828 6633 -9 -13
2829 3539 9 94
2830 9677 -57 -19
2831 5682 14 13
2832 5630 -98 -14
2833 1585 83 53
2834 8664 -15 -59
2835 9725 32 12
2836 3300 -99 -49
2837 1211 79 77
2838 7762 -95 -38
2839 9628 38 66
2840 1584 -79 -99
2841 7621 76 55
2842 5431 -34 -6
2843 7467 17 80
2844 2264 -17 -91
2845 4001 67 48
2846 3814 -21 -97
2847 7230 11 38
2848 4833 -97 -67
2849 7896 41 31
2850 4680 -72 -22
2851 2935 9 98
2852 1441 -10 -94
2853 2960 58 28
2854 2244 -63 -92
2855 8127 66 16
2856 4654 -11 -60
2857 8749 85 93
2858 4865 -59 -83
2859 1776 35 6
2860 6481 -24 -14
2861 6005 34 11
2862 6343 -36 -17
2863 7021 48 99
2864 9834 -75 -81
2865 3360 90 5
2866 8765 -72 -25
2867 4048 45 41
2868 4891 -76 -11
2869 1502 3 39
2870 2974 -13 -8
2871 7140 46 47
2872 7450 -57 -43
2873 3172 65 44
2874 1774 -68 -65
2875 2821 31 49
2876 3084 -80 -73
2877 2566 69 47
2878 870 -38 -92
2879 7122 95 39
2880 6454 -70 -82
2881 4738 41 45
2882 8186 -64 -45
2883 4208 53 52
2884 4941 -14 -71
2885 5543 99 9
2886 713 -17 -42
2887 1797 39 24
2888 5565 -32 -70
2889 3716 47 75
2890 8205 -68 -75
2891 6318 59 97
2892 6242 -77 -26
2893 3702 45 84
2894 1210 -36 -52
2895 9843 62 33
2896 5758 -14 -8
2897 537 97 27
2898 7547 -98 -86
2899 3999 14 5
2900 9512 -62 -60
2901 8161 53 18
2902 2720 -33 -87
2903 463 26 10
2904 1807 -29 -18
2905 4486 44 2
2906 2181 -91 -81
2907 2362 63 13
2908 7131 -76 -38
2909 2641 93 7
2910 4975 -35 -53
2911 9522 17 80
2912 5653 -15 -60
2913 5378 26 15
2914 3155 -35 -10
2915 2985 29 58
2916 5166 -15 -37
2917 8182 80 67
2918 3498 -23 -73
2919 57 32 45
2920 5098 -95 -3
2921 9062 93 95
2922 148 -41 -78
2923 8714 2 47
2924 7868 -79 -11
2925 6408 82 76
2926 7375 -37 -32
2927 2206 65 72
2928 3103 -39 -93
2929 3404 49 45
2930 9251 -51 -3
2931 7556 51 30
2932 1164 -87 -28
2933 8778 41 56
2934 6141 -31 -1
2935 7662 53 11
2936 4296 -16 -77
2937 9895 59 87
2938 4450 -47 -78
2939 1614 11 74
2940 3364 -77 -4
2941 33 75 68
2942 1155 -88 -5
2943 7782 0 59
2944 2927 -86 -42
2945 4988 2 26
2946 243 -17 -41
2947 1164 87 42
2948 9311 -70 -79
2949 3793 64 7
2950 9254 -53 -96
2951 2042 42 67
2952 5248 -77 -35
2953 6108 51 49
2954 3697 -16 -87
2955 3659 46 36
2956 3989 -69 -56
2957 475 67 20
2958 8300 -91 -88
2959 9728 53 16
2960 3729 -6 -91
2961 5158 48 23
2962 1513 -66 -76
2963 23 52 82
2964 1248 -10 -75
2965 7331 29 31
2966 5013 -24 -58
2967 318 39 50
2968 1765 -1 -9
2969 5987 5 47
2970 485 -82 -57
2971 1577 41 74
2972 972 -4 -42
2973 2979 54 88
2974 3646 -12 -60
2975 4926 74 94
2976 356 -50 -89
2977 5788 99 26
2978 9169 -8 -70
2979 5094 41 62
2980 8207 -35 -90
2981 7087 68 70
2982 7560 -99 -60
2983 4630 76 5
2984 4535 -60 -31
2985 4136 48 38
2986 2003 -17 -9
2987 8386 8 5
2988 6396 -42 -51
2989 3583 9 3
2990 9058 -62 -19
2991 9714 29 99
2992 3309 -43 -50
2993 6758 82 74
2994 3515 -69 -27
2995 9291 22 68
2996 8074 -41 -33
2997 1185 76 35
2998 6077 -19 -92
2999 2374 35 19
3000 4001 -45 -37
3001 6516 60 33
3002 194 -66 -72
3003 3082 74 62
3004 3703 -66 -41
3005 4833 44 35
3006 7995 -98 -60
3007 6318 76 9
3008 9350 -91 -63
3009 4713 25 95
3010 5528 -1 -66
3011 1267 48 59
3012 7766 -19 -95
3013 1717 15 28
3014 8440 -50 -93
3015 6699 91 7
3016 5266 -45 -7
3017 649 35 63
3018 2043 -30 -53
3019 355 81 49
3020 4173 -28 -96
3021 939 55 4
3022 6597 -50 -39
3023 770 66 26
3024 9971 -40 -74
3025 3971 68 52
3026 8148 -79 -88
3027 6566 61 87
3028 2852 -38 -64
3029 703 39 21
3030 8863 -12 -93
3031 3353 23 42
3032 5476 -92 -67
3033 9684 38 39
3034 1847 -67 -59
3035 9014 94 31
3036 3523 -67 -16
3037 5803 16 25
3038 2694 -59 -3
3039 8409 8 29
3040 3759 -33 -45
3041 5767 14 63
3042 6357 -44 -1
3043 8197 59 70
3044 1172 -19 -24
3045 4475 50 41
3046 4449 -64 -93
3047 106 97 8
3048 198 -3 -8
3049 3929 26 9
3050 8208 -46 -65
3051 3439 43 17
3052 2779 -67 -70
3053 2821 59 34
3054 1328 -10 -81
3055 6354 68 99
3056 5356 -10 -21
3057 4599 58 27
3058 6426 -37 -31
3059 2829 51 80
3060 8762 -36 -36
3061 614 68 98
3062 9236 -87 -40
3063 8920 8 64
3064 1082 -33 -29
3065 4966 36 8
3066 8310 -53 -1
3067 9272 12 86
3068 791 -28 -81
3069 1261 72 6
3070 5870 -8 -91
3071 8630 91 6
3072 9695 -17 -1
3073 142 37 44
3074 3491 -47 -23
3075 6161 15 42
3076 5590 -2 -32
3077 4470 88 15
3078 5397 -47 -14
3079 6573 50 1
3080 4318 -82 -39
3081 6957 77 31
3082 3000 0 -54
3083 4771 37 84
3084 3638 -41 -31
3085 6258 85 3
3086 7856 -62 -42
3087 9426 98 75
3088 2254 -38 -16
3089 2219 60 95
3090 9052 -71 -84
3091 4117 53 37
3092 4393 -81 -23
3093 5432 10 17
3094 9391 -17 -17
3095 6892 17 31
3096 3076 -15 -11
3097 2772 94 17
3098 9323 -40 -43
3099 918 4 25
3100 5353 -2 -46
3101 4877 1 3
3102 6099 -86 -42
3103 6747 87 63
3104 7680 -6 -22
3105 1559 52 95
3106 768 -8 -58
3107 3930 64 91
3108 484 -32 -72
3109 3315 60 96
3110 9072 -56 -26
3111 5700 93 25
3112 8791 -65 -6
3113 5117 17 10
3114 8729 -44 -85
3115 6711 58 43
3116 7918 -3 -17
3117 4039 5 79
3118 3797 -75 -23
3119 5440 53 3
3120 7255 -55 -66
3121 9958 14 64
3122 2751 -37 -1
3123 9355 4 37
3124 4696 -91 -70
3125 6192 78 78
3126 4856 -25 -28
3127 2255 99 3
3128 7541 -65 -37
3129 7005 82 15
3130 2645 -19 -48
3131 470 9 66
3132 7137 -78 -67
3133 1150 48 6
3134 6212 -69 -58
3135 3917 42 22
3136 9447 -62 -49
3137 9167 58 78
3138 5086 -96 -61
3139 9376 49 62
3140 1561 -67 -24
3141 2467 28 35
3142 202 -47 -16
3143 5244 79 56
3144 6604 -24 -3
3145 4064 67 2
3146 5183 -1 -64
3147 6247 10 61
3148 3859 -50 -79
3149 8367 80 29
3150 353 -56 -85
3151 2426 8 43
3152 2520 -23 -32
3153 5064 6 85
3154 1729 -80 -7
3155 2878 24 36
3156 7255 -16 -58
3157 8295 92 40
3158 6403 -20 -73
3159 9890 57 16
3160 4927 -34 -2
3161 3299 44 37
3162 5509 -3 -27
3163 2930 33 92
3164 6342 -67 -96
3165 7046 80 48
3166 9001 -14 -69
3167 651 87 46
3168 8486 -13 -44
3169 3186 63 20
3170 7131 -90 0
3171 3563 26 22
3172 4443 -36 -10
3173 1253 59 8
3174 4273 -28 -75
3175 8067 45 75
3176 2025 -55 -86
3177 780 82 7
3178 1944 -62 -92
3179 7850 45 39
3180 4476 -85 -79
3181 5167 27 71
3182 2862 -57 -46
3183 4618 49 83
3184 4590 -69 -54
3185 2301 8 34
3186 2351 -29 -10
3187 352 39 50
3188 9833 -41 -11
3189 6295 3 30
3190 3643 -50 -46
3191 7151 48 74
3192 5306 -89 -92
3193 667 45 87
3194 2846 -28 0
3195 9170 5 70
3196 9241 -45 -39
3197 7230 44 79
3198 5470 -93 -74
3199 4667 74 73
3200 9303 -52 -88
3201 2603 99 22
3202 9548 -97 -12
3203 1268 74 11
3204 723 0 -12
3205 3792 59 31
3206 791 -75 -33
3207 4752 70 62
3208 1753 -68 -2
3209 5787 62 52
3210 7588 -77 -35
3211 5667 67 1
3212 4166 -2 -20
3213 8097 31 8
3214 8260 -27 -37
3215 9531 81 73
3216 4988 -8 -29
3217 6393 27 97
3218 4375 -78 -61
3219 5077 57 2
3220 22 -35 -40
3221 4827 42 52
3222 3135 -95 -71
3223 9078 93 48
3224 2285 -79 -93
3225 9898 49 17
3226 9689 -90 -76
3227 9761 28 92
3228 1756 -25 -74
3229 1441 99 53
3230 3353 -64 -63
3231 4254 52 36
3232 5032 -99 -61
3233 6814 89 94
3234 8695 -6 -15
3235 9391 91 7
3236 6120 -37 -58
3237 3242 26 80
3238 5830 -53 -91
3239 3220 91 65
3240 2171 -47 -71
3241 186 81 9
3242 992 -12 -15
3243 9700 51 23
3244 5695 -19 -57
3245 1519 3 65
3246 5092 -12 -80
3247 418 33 29
3248 5259 -43 -87
3249 1396 71 63
3250 5475 -5 -77
3251 8117 99 41
3252 5211 -66 -90
3253 3486 80 46
3254 1026 -77 -48
3255 592 89 55
3256 7412 -84 -95
3257 3832 63 71
3258 5135 -77 -53
3259 9489 63 21
3260 7874 -34 -58
3261 5445 56 47
3262 7801 -28 -78
3263 2919 39 93
3264 5562 -52 0
3265 1157 90 16
3266 2416 -91 -66
3267 4523 5 50
3268 4769 -81 -91
3269 7978 40 66
3270 957 -35 -48
3271 1441 39 2
3272 3187 -57 -96
3273 6722 11 33
3274 1640 -6 -22
3275 7960 79 17
3276 8325 -91 -83
3277 3896 34 57
3278 2429 -68 -40
3279 940 73 84
3280 5822 -3 -39
3281 2900 35 58
3282 5528 -95 -73
3283 8278 78 77
3284 7551 -37 -11
3285 74 70 98
3286 7355 -99 -62
3287 2527 77 9
3288 242 -49 -14
3289 2137 4 40
3290 3812 -32 -13
3291 8984 86 33
3292 437 -5 -43
3293 6011 9 34
3294 1703 -15 -79
3295 8361 45 19
3296 3511 -25 0
3297 7731 59 12
3298 1650 -36 -13
3299 9619 60 73
3300 9796 -55 -48
3301 4902 1 5
3302 2468 -69 -28
3303 7024 15 37
3304 2543 -16 -68
3305 8402 63 62
3306 6470 -10 -86
3307 6186 38 19
3308 9288 -37 -46
3309 1090 81 15
3310 1219 -16 -98
3311 8916 94 30
3312 2057 -54 -21
3313 5196 28 56
3314 2929 -68 -86
3315 8134 56 1
3316 7724 -23 -58
3317 5568 11 89
3318 2620 -74 -79
3319 7245 47 68
3320 2218 -98 -31
3321 1427 53 46
3322 6066 -69 -38
3323 466 76 49
3324 9076 -72 -72
3325 9165 43 81
3326 4351 -28 0
3327 336 72 14
3328 6517 -44 -12
3329 9570 7 89
3330 8798 -72 -90
3331 9284 46 43
3332 5618 -93 -8
3333 8186 10 6
3334 2408 -24 -2
3335 1369 33 3
3336 1050 -30 -89
3337 4721 87 17
3338 5318 -39 -97
3339 8239 61 83
3340 7818 -48 -16
3341 3440 39 15
3342 4446 -77 -47
3343 2294 91 11
3344 825 -35 -15
3345 3862 49 55
3346 8578 -96 -61
3347 3958 49 21
3348 4858 -90 -2
3349 600 79 20
3350 3563 -26 -48
3351 4254 21 78
3352 6914 -63 -18
3353 6390 2 32
3354 3823 -64 -83
3355 3286 10 63
3356 794 -99 -14
3357 7920 90 24
3358 919 -37 -68
3359 7064 70 28
3360 8820 -44 -81
3361 8599 27 82
3362 4078 -10 -42
3363 1204 0 87
3364 1510 -68 -31
3365 5576 30 62
3366 2542 -44 -18
3367 6762 1 72
3368 2090 -91 -98
3369 6151 43 64
3370 4453 -30 -83
3371 9404 34 60
3372 496 -22 -76
3373 3073 83 96
3374 1707 -3 -84
3375 2854 33 14
3376 3595 -29 -93
3377 4008 26 25
3378 6050 -1 -88
3379 2251 33 25
3380 9399 -45 -89
3381 5758 47 32
3382 8447 -78 -54
3383 7336 45 65
3384 3323 -70 -45
3385 8510 43 24
3386 4005 -93 -88
3387 7594 11 10
3388 2421 -36 -74
3389 5464 57 40
3390 3705 -99 -49
3391 3376 2 54
3392 2728 -40 -94
3393 4682 36 21
3394 8425 -14 -46
3395 2022 5 67
3396 9904 -92 -15
3397 6607 92 86
3398 6021 -89 -1
3399 7076 84 42
3400 6620 -56 -4
3401 1107 2 58
3402 4777 -62 -11
3403 3192 27 75
3404 5340 -89 -2
3405 9019 43 97
3406 9033 -31 -56
3407 327 83 81
3408 6473 -46 -30
3409 8301 32 58
3410 6903 -72 -27
3411 2237 14 26
3412 2699 -92 -32
3413 9523 13 11
3414 7412 -24 -97
3415 979 94 73
3416 4737 -41 -17
3417 6808 43 15
3418 3554 -59 -93
3419 7740 98 86
3420 565 -13 -48
3421 3111 83 95
3422 7635 -19 -6
3423 2591 38 81
3424 9101 -29 -67
3425 5236 33 28
3426 7429 -8 -10
3427 6912 28 19
3428 9524 -55 -87
3429 4742 11 41
3430 6774 -91 -2
3431 4961 87 35
3432 7651 -79 -89
3433 6351 64 40
3434 3359 -21 -50
3435 8710 80 8
3436 847 -78 -90
3437 6118 41 90
3438 5202 -19 -74
3439 9607 27 78
3440 8368 -5 -10
3441 4918 26 99
3442 8543 -81 -28
3443 8455 83 39
3444 5932 -73 -33
3445 1041 21 56
3446 1873 -54 -7
3447 5690 31 10
3448 1497 -93 -10
3449 3142 94 26
3450 1413 -79 -96
3451 5894 37 76
3452 1029 -26 -16
3453 197 6 46
3454 6242 -81 -68
3455 2417 67 85
3456 2818 -35 -25
3457 1456 18 59
3458 2012 -47 -52
3459 2393 74 64
3460 6555 -64 -36
3461 9478 66 50
3462 5127 -58 -38
3463 239 65 84
3464 5867 -85 -44
3465 5633 28 5
3466 95 -83 -85
3467 2243 47 5
3468 5874 -68 -49
3469 2663 28 38
3470 8889 -6 -67
3471 5153 95 32
3472 3781 -46 -85
3473 503 95 96
3474 6379 -96 -73
3475 7140 55 5
3476 3610 -39 -49
3477 7008 19 88
3478 7732 -54 -9
3479 8702 11 60
3480 7734 -28 -91
3481 4399 88 83
3482 661 -70 -51
3483 5910 34 50
3484 6875 -29 -79
3485 5145 76 96
3486 3646 -91 -93
3487 1163 94 75
3488 603 -96 -32
3489 3750 33 3
3490 6523 -75 -7
3491 3714 71 95
3492 7641 -19 -83
3493 820 89 0
3494 5687 -76 -56
3495 347 42 2
3496 2772 -99 -84
3497 429 7 53
3498 1360 -64 -37
3499 5445 27 22
3500 5514 -75 -7
3501 719 95 49
3502 1472 -5 -21
3503 3568 32 54
3504 6676 -38 -59
3505 5533 58 72
3506 1130 -95 -78
3507 4487 5 32
3508 9271 -70 -65
3509 1021 69 13
3510 5639 -90 -69
3511 2333 13 19
3512 3320 -83 -80
3513 614 72 54
3514 1709 -47 -38
3515 2768 18 33
3516 6469 -52 -81
3517 399 70 4
3518 6279 -82 -54
3519 3175 30 21
3520 3736 -43 -51
3521 103 25 13
3522 8655 -11 -9
3523 7168 31 91
3524 4580 -70 -86
3525 2300 92 51
3526 3298 -60 -82
3527 4434 81 44
3528 1838 -6 -45
3529 8525 81 55
3530 2945 -49 -66
3531 8172 54 24
3532 8173 -37 -27
3533 7889 1 96
3534 6444 -67 -39
3535 5231 18 22
3536 5511 -75 -34
3537 5517 93 66
3538 8149 -54 -25
3539 6158 67 48
3540 6168 -90 -16
3541 5351 3 46
3542 1506 -62 -29
3543 1263 12 96
3544 9527 -5 -4
3545 5967 38 17
3546 3222 -31 -74
3547 7175 44 84
3548 8444 -29 -28
3549 4008 91 41
3550 7481 -53 -92
3551 2492 94 43
3552 9993 -47 -39
3553 5978 28 2
3554 3119 -70 -51
3555 2132 86 89
3556 2368 -60 -81
3557 6889 81 14
3558 6749 -8 -53
3559 7232 84 8
3560 2231 -12 -19
3561 1851 62 21
3562 7252 -78 -9
3563 5758 13 41
3564 2062 -77 -10
3565 7945 25 94
3566 7532 -46 -54
3567 8114 76 52
3568 9239 -75 -44
3569 1396 45 73
3570 3187 -52 -34
3571 9993 2 6
3572 1625 -66 -54
3573 6381 41 19
3574 6038 -19 -43
3575 8254 17 8
3576 3437 -97 -19
3577 6330 96 28
3578 7587 -46 -63
3579 7036 11 49
3580 7103 -32 -99
3581 8641 25 76
3582 2574 -77 -12
3583 8065 56 59
3584 6523 -10 -47
3585 8114 68 24
3586 4718 -3 -32
3587 7638 8 21
3588 1519 -42 -59
3589 6383 97 17
3590 4219 -19 -76
3591 2961 19 77
3592 974 -98 -2
3593 4183 11 64
3594 5303 -13 -55
3595 2893 15 88
3596 3111 -53 -38
3597 8697 35 30
3598 1080 -23 -92
3599 6480 48 75
3600 5054 -76 -76
3601 2558 85 18
3602 5365 -18 -41
3603 1647 46 89
3604 8716 -60 -50
3605 8681 44 61
3606 1599 -30 -49
3607 4803 37 94
3608 8686 -36 -59
3609 4846 29 64
3610 9357 -9 -64
3611 7267 2 25
3612 1756 -35 -50
3613 6860 67 47
3614 7399 -21 -5
3615 2258 84 62
3616 9634 -76 -78
3617 7605 79 12
3618 7449 -14 -8
3619 8242 8 8
3620 6540 -35 -48
3621 9086 63 79
3622 2372 -95 -2
3623 2101 17 3
3624 1752 0 -98
3625 7953 52 47
3626 1423 -32 -72
3627 4467 36 48
3628 5189 -28 -98
3629 8380 77 20
3630 3564 -50 -27
3631 6329 48 94
3632 980 -80 -34
3633 3100 21 49
3634 1666 -17 -90
3635 4061 30 63
3636 1568 -13 -43
3637 2729 15 21
3638 9222 -42 -48
3639 428 36 13
3640 3146 -25 -33
3641 6834 33 53
3642 9416 -76 -69
3643 3651 34 14
3644 528 -32 -77
3645 2415 57 38
3646 1058 -1 -57
3647 9080 47 17
3648 8035 -39 -1
3649 6505 69 4
3650 5570 -98 -9
3651 5248 81 66
3652 50 -14 -52
3653 5268 28 65
3654 5350 -20 0
3655 1910 61 29
3656 9649 -67 -36
3657 8857 16 58
3658 1355 -10 -23
3659 1864 25 22
3660 7771 -23 -73
3661 9879 47 13
3662 3119 -4 -60
3663 3716 97 27
3664 7719 -79 -16
3665 6416 75 1
3666 1196 -92 -93
3667 4343 87 19
3668 6531 -76 -95
3669 7224 47 24
3670 1692 -34 -93
3671 7611 91 34
3672 8640 -15 -38
3673 9373 4 36
3674 4279 -36 -96
3675 6304 91 27
3676 9532 -29 -58
3677 9924 63 35
3678 1481 -82 -96
3679 5630 37 67
3680 6677 -61 -84
3681 1608 6 39
3682 617 -62 -67
3683 9089 24 83
3684 8216 -98 -60
3685 3247 36 13
3686 9590 -86 -52
3687 7835 52 91
3688 5717 -37 -79
3689 1165 76 44
3690 3269 -78 -32
3691 277 79 8
3692 2737 -78 -22
3693 2441 60 32
3694 5010 -76 -29
3695 4101 79 85
3696 8096 -12 -96
3697 4968 75 19
3698 8731 -54 -65
3699 9784 81 24
3700 216 -82 -39
3701 8801 22 41
3702 5193 -30 -79
3703 5034 10 49
3704 3562 -18 -44
3705 5377 9 62
3706 3021 -26 -52
3707 4278 54 69
3708 9431 -27 -27
3709 6305 99 17
3710 5421 -21 -17
3711 813 32 90
3712 7342 -82 -56
3713 63 41 13
3714 175 -1 -32
3715 9762 63 41
3716 3310 -49 -46
3717 645 48 24
3718 1362 -70 -42
3719 4276 99 79
3720 1278 -74 -89
3721 2787 97 0
3722 5414 -59 -14
3723 462 48 28
3724 5337 -57 -41
3725 4395 25 50
3726 4458 -88 -78
3727 1099 6 33
3728 9972 -17 -33
3729 9186 56 3
3730 4011 -18 -57
3731 1740 75 94
3732 1533 -4 -59
3733 5308 22 95
3734 4730 -80 -41
3735 1769 92 52
3736 9954 -92 -53
3737 1777 49 8
3738 4776 -57 -23
3739 9826 72 60
3740 6503 -15 -58
3741 5124 86 73
3742 7596 -63 -19
3743 5360 23 63
3744 3477 -97 -89
3745 8467 61 7
3746 6500 -52 -36
3747 3413 55 94
3748 4208 -58 -12
3749 9735 43 89
3750 9380 -79 -34
3751 1523 5 29
3752 9747 -23 -41
3753 8950 36 8
3754 5399 -94 -44
3755 5958 84 9
3756 5694 -95 -36
3757 4945 67 40
3758 3878 -4 -12
3759 108 22 55
3760 5349 -92 -35
3761 353 91 41
3762 6504 -75 -11
3763 1042 29 39
3764 1843 -77 -81
3765 3082 47 4
3766 1167 -43 -93
3767 1309 93 95
3768 4933 -2 -31
3769 4309 55 1
3770 2657 -98 -98
3771 8317 38 73
3772 4365 -19 -39
3773 8312 70 88
3774 4363 -19 -16
3775 4282 21 38
3776 9449 -45 -31
3777 8168 82 7
3778 3193 -28 -26
3779 4732 44 71
3780 9659 -10 -94
3781 531 66 88
3782 355 -66 -65
3783 3772 72 77
3784 5928 -89 -14
3785 2586 1 16
3786 1453 -95 -74
3787 1392 97 95
3788 1353 -58 -95
3789 5265 87 0
3790 2402 -39 -56
3791 4762 40 83
3792 3758 -98 -15
3793 953 87 1
3794 451 -67 -51
3795 7628 13 55
3796 8104 -42 -64
3797 3818 9 52
3798 9571 -46 -70
3799 8361 22 29
3800 8805 -20 -51
3801 2129 61 85
3802 7884 -71 -64
3803 4533 1 53
3804 8548 -14 -19
3805 261 16 91
3806 5187 -19 -98
3807 1682 2 30
3808 8541 -86 -91
3809 7403 57 54
3810 5882 -87 -22
3811 1393 42 17
3812 3758 -95 -23
3813 8743 89 64
3814 718 -37 -70
3815 7020 56 38
3816 878 -71 -8
3817 891 65 4
3818 9244 -41 -56
3819 7910 57 17
3820 2193 -69 -77
3821 6058 81 63
3822 1187 -96 -87
3823 1066 96 91
3824 5917 -52 -56
3825 8574 6 18
3826 7234 -14 -36
3827 5983 31 49
3828 9554 -66 -56
3829 8486 59 19
3830 3353 -39 -1
3831 9521 93 77
3832 9207 -23 -91
3833 663 50 54
3834 8288 -4 -76
3835 8736 6 36
3836 2353 -12 -18
3837 9486 77 0
3838 169 -76 -17
3839 7160 42 23
3840 9016 -89 -30
3841 5499 86 68
3842 5322 -64 -30
3843 9695 12 61
3844 1712 -60 -49
3845 3013 13 22
3846 8376 -65 -2
3847 4898 56 20
3848 5213 -58 -83
3849 1031 43 35
3850 3211 -41 -87
3851 4557 39 97
3852 4315 -84 -79
3853 2385 8 71
3854 6854 -28 -51
3855 7731 79 38
3856 2506 -7 -92
3857 3987 65 57
3858 7476 -48 -53
3859 7514 25 83
3860 8732 -63 -82
3861 8633 45 45
3862 30 -97 -28
3863 7407 59 28
3864 5731 -38 -18
3865 6508 73 20
3866 274 -52 -32
3867 2095 4 41
3868 7581 -83 -99
3869 2362 93 39
3870 2577 -59 -33
3871 3764 87 12
3872 5047 -1 -66
3873 685 43 24
3874 4310 -65 -95
3875 8445 6 45
3876 4998 -68 -27
3877 131 82 75
3878 682 -31 -90
3879 9480 80 68
3880 8747 -65 0
3881 1293 51 78
3882 1238 -69 -39
3883 2137 87 31
3884 6664 -55 -9
3885 580 82 6
3886 8697 -22 -95
3887 5502 80 18
3888 1586 -23 -48
3889 7691 69 92
3890 5617 -68 -3
3891 4392 22 63
3892 3860 -22 -4
3893 284 42 11
3894 1455 -59 -81
3895 6130 6 75
3896 2056 -42 -39
3897 9732 24 47
3898 3726 -51 -41
3899 6087 43 2
3900 2271 -89 -58
3901 4011 22 59
3902 214 -48 -39
3903 8858 24 7
3904 2279 -37 -83
3905 2965 85 37
3906 7796 -65 -81
3907 4283 2 98
3908 5070 -22 -74
3909 2579 5 26
3910 6825 -84 -1
3911 270 30 90
3912 8225 -42 -64
3913 4058 42 39
3914 7657 -38 -27
3915 4614 7 90
3916 5273 -81 -16
3917 9555 50 26
3918 9950 -77 -35
3919 9672 27 97
3920 86 -30 -35
3921 4611 0 53
3922 942 -64 -99
3923 1179 58 76
3924 972 -85 -29
3925 9579 20 17
3926 9939 -24 -54
3927 4619 60 73
3928 1170 -48 -98
3929 1289 88 68
3930 9814 -40 -2
3931 8187 45 19
3932 333 -25 -25
3933 564 57 39
3934 4702 -26 -66
3935 6238 58 36
3936 4143 -56 -42
3937 6958 97 99
3938 5416 -50 -94
3939 1247 28 6
3940 3050 -31 -92
3941 6759 27 14
3942 1341 -93 -73
3943 6443 3 39
3944 683 -35 -59
3945 912 15 5
3946 8268 -24 -55
3947 9874 37 64
3948 5135 -83 -52
3949 2642 69 21
3950 185 -76 -59
3951 6573 64 12
3952 1969 -13 -1
3953 4296 95 69
3954 7124 -1 -27
3955 8457 93 63
3956 7346 -66 -12
3957 1446 72 86
3958 6165 -96 -80
3959 954 81 33
3960 1569 -66 -64
3961 5775 3 52
3962 3312 -45 -53
3963 3780 5 95
3964 5 -28 -74
3965 1024 13 27
3966 2270 -86 -21
3967 9555 99 2
3968 6753 -46 -97
3969 3107 43 73
3970 7226 -83 -41
3971 1789 7 75
3972 4140 -51 -68
3973 5541 30 17
3974 3085 -58 -36
3975 4477 31 4
3976 9080 -86 -68
3977 8154 24 93
3978 103 -93 -73
3979 6006 58 9
3980 8309 -5 -21
3981 9573 46 25
3982 768 -33 -86
3983 7423 94 13
3984 5462 -8 -16
3985 9077 36 98
3986 1069 -20 -25
3987 1965 57 87
3988 2337 -14 -64
3989 8335 73 61
3990 77 -46 -18
3991 424 99 21
3992 8095 -88 -67
3993 1894 21 62
3994 6522 -31 -5
3995 2996 3 79
3996 9318 -8 -7
3997 9907 80 99
3998 5396 -17 -59
3999 1942 8 13
4000 4071 -84 -9
4001 101 30 65
4002 140 -79 -7
4003 871 99 60
4004 9712 -95 -90
4005 4858 48 71
4006 3003 -99 -55
4007 6422 69 94
4008 3752 -8 -62
4009 3260 30 52
4010 6035 -63 -25
4011 3468 55 83
4012 6534 -3 -43
4013 7183 24 47
4014 4072 -28 -57
4015 4842 88 43
4016 9348 -17 -55
4017 3580 95 97
4018 3402 -24 -55
4019 4117 7 69
4020 6337 -2 -84
4021 8271 34 15
4022 1360 -67 -2
4023 8587 58 0
4024 6342 -87 -10
4025 5322 60 13
4026 8509 -10 -92
4027 8826 33 21
4028 9693 -93 -56
4029 2774 26 5
4030 7239 -39 -88
4031 6968 55 71
4032 170 -57 -73
4033 177 72 96
4034 4205 -19 -90
4035 6246 18 41
4036 9607 -12 -15
4037 5379 44 83
4038 5032 -22 -16
4039 8011 40 50
4040 3297 -62 -53
4041 5292 24 16
4042 9352 -91 -39
4043 6159 75 18
4044 258 -80 -96
4045 893 58 93
4046 1389 -26 -99
4047 4349 97 81
4048 1728 -75 -32
4049 7947 6 3
4050 822 -9 -20
4051 3359 48 39
4052 6658 -6 -9
4053 7629 36 93
4054 7108 -18 -42
4055 855 93 11
4056 8394 -44 -37
4057 3827 54 25
4058 6375 -67 -89
4059 9782 41 9
4060 1340 -5 -52
4061 6290 59 14
4062 626 -12 -12
4063 8106 86 68
4064 3471 -89 -47
4065 70 34 16
4066 3800 -42 -78
4067 9745 77 20
4068 1833 -81 -84
4069 8436 39 91
4070 4632 -35 -35
4071 5096 81 49
4072 6803 -1 -57
4073 9989 13 52
4074 4845 -7 -38
4075 8478 4 14
4076 1410 -29 -42
4077 710 41 64
4078 2663 -58 -26
4079 3268 74 89
4080 2715 -83 -88
4081 1336 37 3
4082 8441 -76 -92
4083 8564 23 65
4084 1542 -95 -22
4085 5819 40 66
4086 9413 -49 -97
4087 1876 90 79
4088 1700 -32 -27
4089 6199 28 75
4090 6908 -69 -67
4091 4222 59 78
4092 3379 -92 -40
4093 9887 10 39
4094 2817 -73 -17
4095 7642 89 26
4096 831 -32 -33
4097 9973 48 97
4098 7912 -49 -97
4099 546 35 4
4100 2937 -96 -27
4101 6356 25 22
4102 1624 -4 -56
4103 6788 62 51
4104 4325 -66 -59
4105 3813 17 15
4106 4483 -7 -50
4107 4664 32 26
4108 4179 -38 -20
4109 9876 56 60
4110 9080 -68 -29
4111 3046 35 84
4112 7790 -43 -15
4113 4639 61 51
4114 4574 -87 -1
4115 5844 77 10
4116 562 -75 -38
4117 173 74 95
4118 1112 -61 -85
4119 539 21 81
4120 849 -56 -41
4121 3409 2 12
4122 7580 -9 -75
4123 3206 16 56
4124 3368 -28 -93
4125 1767 32 65
4126 9443 -54 -62
4127 5735 43 88
4128 2685 -1 -89
4129 9207 17 7
4130 1778 -58 -84
4131 2365 83 52
4132 2280 -75 -90
4133 6388 37 90
4134 4058 -18 -56
4135 5200 25 80
4136 1638 -33 -6
4137 4822 97 8
4138 4847 -80 -46
4139 5023 40 86
4140 7816 -22 -74
4141 333 91 30
4142 383 0 -12
4143 5088 48 88
4144 4927 -58 -8
4145 1060 5 56
4146 7440 -85 -51
4147 4572 34 44
4148 8393 -6 -80
4149 7031 0 82
4150 5627 -86 -11
4151 9812 17 99
4152 9368 -17 -32
4153 2037 27 19
4154 2942 -71 -97
4155 9887 92 6
4156 2570 -28 -66
4157 455 20 81
4158 5172 -47 -71
4159 1381 49 53
4160 7461 -83 -40
4161 3726 12 49
4162 6528 -54 -64
4163 9927 69 30
4164 8513 -99 -28
4165 3126 75 70
4166 1128 -21 -99
4167 3661 74 58
4168 6039 -50 -32
4169 8520 86 34
4170 5330 -6 -15
4171 3904 6 96
4172 3260 -98 -43
4173 8505 63 46
4174 1391 -51 -77
4175 3156 90 47
4176 9238 -50 -57
4177 5881 33 41
4178 6084 -53 -86
4179 7333 57 33
4180 2355 -25 -72
4181 5137 74 52
4182 8296 -68 -97
4183 8935 36 94
4184 5618 -96 -75
4185 3988 83 37
4186 2500 -60 -3
4187 1915 88 50
4188 5326 -22 -52
4189 4521 73 49
4190 7558 -14 -2
4191 4886 88 1
4192 1924 -73 -63
4193 7960 12 46
4194 6614 -61 -26
4195 3321 18 72
4196 9471 -33 -25
4197 2456 77 10
4198 2811 -55 -73
4199 2240 11 24
4200 3711 -54 -67
4201 7270 20 42
4202 2010 -25 -78
4203 4033 22 52
4204 7449 -1 -10
4205 9532 6 0
4206 1443 -61 -43
4207 959 43 5
4208 4399 -76 0
4209 4947 32 67
4210 1688 -87 -95
4211 1888 29 21
4212 4346 -61 -96
4213 737 94 2
4214 9567 -84 -93
4215 3605 30 43
4216 3199 -79 -52
4217 1667 98 53
4218 7926 -61 -32
4219 2228 95 2
4220 93 -4 -37
4221 7052 22 96
4222 5899 -44 -84
4223 6859 44 64
4224 1580 -88 -10
4225 6226 99 89
4226 4667 -50 -29
4227 778 61 33
4228 192 -5 -13
4229 4423 18 12
4230 6624 -26 -20
4231 624 98 81
4232 3738 -44 -85
4233 6284 93 81
4234 4874 -4 -73
4235 115 15 45
4236 7530 -17 -9
4237 7557 97 50
4238 9740 -50 -79
4239 6509 30 92
4240 2402 -62 -33
4241 3488 52 84
4242 2308 -17 -35
4243 3125 40 45
4244 6058 -79 -18
4245 7947 15 39
4246 9482 -11 -21
4247 9687 52 5
4248 9704 -7 -21
4249 8894 35 86
4250 9576 -40 -67
4251 3177 38 88
4252 7674 -80 -80
4253 3442 8 74
4254 9701 -43 -96
4255 6867 38 51
4256 9022 -35 -78
4257 9371 64 73
4258 8559 -35 -58
4259 5833 75 5
4260 3750 -5 -12
4261 1156 39 86
4262 3885 -53 -25
4263 3323 11 28
4264 9736 -89 -51
4265 3969 83 60
4266 4912 -96 -43
4267 5635 62 45
4268 2502 -3 -18
4269 925 47 97
4270 1673 -3 -62
4271 1761 52 54
4272 4737 -21 -51
4273 9870 31 30
4274 3505 -60 -70
4275 2395 24 83
4276 6027 -89 -32
4277 7313 14 74
4278 9405 -25 -71
4279 4764 19 82
4280 8905 -44 -1
4281 2578 48 59
4282 3549 -71 -30
4283 4615 95 57
4284 7590 -6 -32
4285 1996 97 3
4286 3461 -12 -1
4287 9991 82 1
4288 7029 -99 -88
4289 1810 33 88
4290 3218 -13 -71
4291 8344 17 34
4292 8021 -18 -74
4293 9182 94 27
4294 9736 -68 -17
4295 3842 31 19
4296 2257 -73 -70
4297 262 44 91
4298 688 -86 -59
4299 3926 13 76
4300 7019 -96 -54
4301 1903 56 22
4302 6242 -8 -24
4303 5505 52 6
4304 1685 -79 -82
4305 2130 80 1
4306 1 -20 -81
4307 4944 31 18
4308 2786 -59 -3
4309 1486 42 0
4310 1008 -47 -49
4311 1566 68 38
4312 5787 -84 -45
4313 3991 79 12
4314 4448 -72 -40
4315 3945 96 34
4316 9491 -26 -91
4317 7815 51 5
4318 7540 -86 -91
4319 1799 85 50
4320 6930 -45 -62
4321 8975 67 88
4322 5187 -64 -29
4323 202 34 30
4324 1295 -14 -5
4325 7784 7 51
4326 9838 -27 -26
4327 5249 68 22
4328 2761 -42 -39
4329 4000 6 57
4330 2112 -22 -17
4331 1571 5 64
4332 563 -14 -56
4333 9149 34 36
4334 8026 -36 -56
4335 2723 88 42
4336 8257 -87 -14
4337 5145 35 35
4338 9424 -11 -81
4339 3406 92 97
4340 5290 -96 -52
4341 5158 85 87
4342 7469 -82 -50
4343 8833 42 79
4344 9759 -75 -19
4345 110 47 37
4346 7891 -17 -74
4347 4531 92 27
4348 8202 -69 -11
4349 2131 62 43
4350 9618 -64 -47
4351 9901 39 0
4352 8301 -74 -58
4353 4919 12 31
4354 913 -23 -66
4355 973 96 49
4356 159 -50 -98
4357 3783 22 11
4358 1472 -76 -15
4359 4609 58 65
4360 1822 -7 -95
4361 4420 51 24
4362 2127 -49 -89
4363 4716 18 28
4364 1368 -6 -87
4365 7337 23 24
4366 4357 -83 -7
4367 981 65 15
4368 4067 -32 -90
4369 5365 21 46
4370 8574 -55 0
4371 8444 99 34
4372 6153 -64 -6
4373 7525 46 71
4374 8752 -67 -99
4375 8448 76 35
4376 5694 -75 -63
4377 7726 94 63
4378 9715 -73 -24
4379 8442 41 83
4380 252 -1 -73
4381 7003 19 34
4382 1736 -77 -11
4383 6909 54 21
4384 5786 -14 -34
4385 1629 13 46
4386 7404 -31 -64
4387 7121 18 58
4388 3407 -77 -75
4389 1357 27 57
4390 2722 -7 -6
4391 3260 62 96
4392 2045 -29 -81
4393 804 3 28
4394 4263 -59 -90
4395 4621 59 86
4396 5099 -90 -90
4397 7518 86 84
4398 2333 -78 -49
4399 2507 77 74
4400 3397 -56 -9
4401 5534 11 97
4402 5092 -1 -76
4403 4203 74 17
4404 4672 -64 -35
4405 1352 8 92
4406 6643 -97 -63
4407 136 52 5
4408 3763 -73 -25
4409 3636 65 63
4410 62 -10 -82
4411 6016 93 45
4412 1019 -22 -94
4413 6130 20 65
4414 9782 -60 -15
4415 519 48 45
4416 2597 0 -48
4417 8623 63 37
4418 8586 -52 -56
4419 3852 87 73
4420 809 -69 -2
4421 406 90 59
4422 6712 -21 -31
4423 6815 11 27
4424 8998 -99 -76
4425 3964 49 32
4426 1843 -51 -31
4427 6241 31 79
4428 5633 -68 -45
4429 1682 25 63
4430 1471 -36 -11
4431 2741 55 41
4432 8695 -86 -48
4433 9224 63 56
4434 8784 -91 -52
4435 7004 63 42
4436 6961 -21 -17
4437 816 47 38
4438 9337 -82 -89
4439 9406 12 23
4440 963 -1 -56
4441 8108 62 49
4442 1172 -18 -69
4443 3651 95 1
4444 8222 -19 -91
4445 1350 1 24
4446 4892 -18 -14
4447 52 22 39
4448 6298 -69 -3
4449 1700 41 89
4450 63 -24 -28
4451 5410 72 70
4452 2321 -14 -61
4453 9513 69 29
4454 951 -83 -17
4455 6894 46 34
4456 1721 -40 -34
4457 5493 58 56
4458 8092 -11 -36
4459 7998 22 94
4460 2962 -2 -37
4461 7263 32 47
4462 2175 -69 -97
4463 367 5 20
4464 5945 -87 -87
4465 5022 63 88
4466 1385 -2 -55
4467 9564 27 23
4468 5237 -37 -14
4469 9568 49 1
4470 4402 -16 -98
4471 2571 73 4
4472 3933 -73 -71
4473 3111 30 65
4474 858 -1 -29
4475 8521 86 75
4476 5307 -6 -19
4477 5900 98 51
4478 6596 -22 -30
4479 7518 68 53
4480 6141 -68 -68
4481 306 91 52
4482 8528 -57 -17
4483 1109 32 78
4484 8685 -83 -19
4485 3433 33 9
4486 5086 -15 -91
4487 9704 51 37
4488 7762 -71 -78
4489 4727 47 14
4490 4090 -24 -22
4491 7471 80 88
4492 3048 -5 -35
4493 2293 90 29
4494 8769 -18 -12
4495 5439 95 46
4496 2816 -4 -82
4497 2556 35 29
4498 1652 -46 -99
4499 8320 1 70
4500 3112 0 -76
4501 533 58 11
4502 9052 -32 -71
4503 2842 57 28
4504 6518 -88 -32
4505 2072 50 2
4506 4242 -89 -11
4507 2210 51 42
4508 3213 -74 -88
4509 8141 19 94
4510 9038 -31 -25
4511 7975 38 86
4512 7844 -87 -22
4513 4080 99 62
4514 5402 -54 -78
4515 8498 54 54
4516 6670 -93 -53
4517 5645 5 3
4518 8783 -50 -85
4519 254 32 26
4520 5630 -55 0
4521 65 90 41
4522 3699 -34 -96
4523 7736 6 83
4524 5202 -47 -80
4525 7383 13 39
4526 3383 -89 -96
4527 2904 95 85
4528 9 -73 -37
4529 1800 79 39
4530 3693 -68 -3
4531 8752 91 96
4532 2933 -71 -76
4533 4540 12 38
4534 3717 -6 -88
4535 3495 82 49
4536 1481 -45 -6
4537 3774 32 71
4538 3640 -69 -27
4539 9963 88 68
4540 8823 -76 -1
4541 9943 53 30
4542 1334 -36 -94
4543 791 52 19
4544 975 -81 -92
4545 2291 56 3
4546 6734 -35 -13
4547 2951 26 88
4548 2427 -40 -47
4549 943 41 95
4550 6342 -59 -16
4551 2117 26 6
4552 8678 -3 -57
4553 3862 54 73
4554 1692 -83 -50
4555 2178 22 1
4556 1474 -60 -3
4557 8098 49 73
4558 3610 -76 -40
4559 1539 91 28
4560 7626 -35 -18
4561 3305 34 56
4562 9143 -72 -31
4563 7669 5 63
4564 3326 -23 -40
4565 1241 12 5
4566 1276 -54 -66
4567 1275 96 98
4568 8951 -36 -50
4569 3048 18 12
4570 6632 -21 -97
4571 4796 71 62
4572 6093 -87 -78
4573 9753 64 49
4574 7230 -36 -40
4575 6334 96 25
4576 9443 -12 -20
4577 3929 35 99
4578 9836 -18 -42
4579 6747 27 28
4580 5082 -2 -18
4581 3758 84 55
4582 8683 -31 -21
4583 6955 28 74
4584 3412 -42 -63
4585 5700 70 55
4586 7105 -64 -63
4587 9145 29 16
4588 8273 -28 -61
4589 1425 19 60
4590 2294 -67 -41
4591 5076 8 75
4592 3454 -28 -56
4593 8818 38 26
4594 1920 -61 -35
4595 4870 43 85
4596 8151 -39 -29
4597 8166 90 97
4598 12 -72 -21
4599 4039 24 65
4600 3168 -71 -30
4601 3077 1 72
4602 2791 -19 -9
4603 7504 99 75
4604 1555 -26 -34
4605 768 79 66
4606 4615 -42 -49
4607 5362 63 83
4608 4781 -45 -92
4609 660 26 41
4610 9417 -18 -12
4611 9697 66 85
4612 9194 -28 -30
4613 1566 23 48
4614 7799 -58 -97
4615 2135 94 45
4616 2663 -5 -64
4617 1052 65 55
4618 6102 -85 -86
4619 5894 32 4
4620 1068 -51 -54
4621 1130 99 87
4622 8445 -4 -82
4623 8347 60 89
4624 1385 -43 -80
4625 3359 92 55
4626 8738 -52 -21
4627 7387 60 55
4628 8870 -13 -25
4629 3871 32 79
4630 8400 -90 -5
4631 9124 29 58
4632 8528 0 -58
4633 7122 46 54
4634 8395 -71 -28
4635 7688 61 67
4636 4977 0 -23
4637 4931 78 23
4638 6090 -5 -71
4639 6011 36 29
4640 8520 -97 -56
4641 3561 46 47
4642 2284 -80 -48
4643 3197 51 11
4644 2281 -20 -77
4645 2890 61 73
4646 3793 -21 -97
4647 6308 40 98
4648 2986 0 -94
4649 3392 82 22
4650 8974 -19 -35
4651 7639 87 47
4652 2049 -43 -11
4653 9145 76 66
4654 5921 -8 -90
4655 3524 98 62
4656 6018 -68 -5
4657 6623 13 19
4658 9257 -51 -41
4659 1357 13 14
4660 1884 -39 -64
4661 362 39 43
4662 1426 -50 -23
4663 8506 77 2
4664 7158 -33 -23
4665 8903 79 37
4666 1637 -29 -13
4667 8320 52 92
4668 1497 -77 -64
4669 2857 24 49
4670 1285 -32 -11
4671 6844 98 88
4672 4300 -4 -53
4673 4516 38 91
4674 1033 -83 -72
4675 9687 58 80
4676 3425 -70 -9
4677 895 72 23
4678 4680 -99 -92
4679 2384 16 79
4680 9377 -41 -55
4681 3269 6 23
4682 966 -51 -52
4683 5729 86 69
4684 3953 -45 -59
4685 8568 73 6
4686 8764 -15 -72
4687 8589 18 63
4688 1229 -66 0
4689 3458 11 75
4690 5433 -58 -12
4691 2095 62 87
4692 8952 -10 -99
4693 6856 74 93
4694 604 -43 -47
4695 4918 92 95
4696 2309 -18 -90
4697 646 50 90
4698 6962 -99 -2
4699 398 16 94
4700 3118 -85 -86
4701 3208 76 52
4702 3711 -22 -13
4703 5615 83 11
4704 3044 -96 -22
4705 3766 62 0
4706 1988 -84 -53
4707 164 87 88
4708 5719 -79 -2
4709 9796 83 48
4710 4373 -68 -38
4711 6589 48 5
4712 6529 -90 -29
4713 5100 92 20
4714 1570 -64 -12
4715 1960 1 48
4716 2666 -97 -58
4717 7605 47 99
4718 5891 -40 -96
4719 4781 39 67
4720 5718 -20 -13
4721 5201 94 60
4722 6577 -10 -97
4723 6164 91 77
4724 2331 -28 -5
4725 5928 35 93
4726 9094 -29 -23
4727 2119 77 13
4728 1389 -56 -97
4729 3445 29 11
4730 7706 -81 -1
4731 4388 76 74
4732 2090 -77 -96
4733 7008 62 47
4734 661 -55 -21
4735 304 61 8
4736 6583 -27 -40
4737 3085 62 32
4738 71 -72 -80
4739 1808 67 89
4740 5301 -35 -32
4741 9123 3 93
4742 7742 -58 -54
4743 6588 47 87
4744 3785 -6 -56
4745 4820 84 55
4746 3031 -75 -55
4747 8128 54 37
4748 928 -37 -88
4749 1292 1 12
4750 5747 -15 -18
4751 3320 12 99
4752 3433 -84 -30
4753 1160 81 29
4754 5454 -1 -33
4755 5121 19 21
4756 2959 -61 -64
4757 5998 57 94
4758 5599 -98 -90
4759 7952 77 69
4760 7855 -45 -42
4761 8132 17 0
4762 9172 -93 -1
4763 908 21 78
4764 9229 -84 -34
4765 6311 38 33
4766 9169 -65 -60
4767 9825 95 73
4768 2464 -47 -86
4769 7983 19 96
4770 715 -85 -72
4771 3684 4 15
4772 3069 -21 -73
4773 3363 3 91
4774 2702 -96 -9
4775 1516 35 95
4776 1135 -92 -2
4777 1884 86 97
4778 7313 -54 -97
4779 9003 27 86
4780 5484 -99 -74
4781 9599 89 71
4782 1706 -41 -84
4783 8520 26 57
4784 7344 -69 -26
4785 4682 82 73
4786 7621 -74 -8
4787 5955 72 45
4788 5833 -42 -95
4789 848 45 2
4790 7977 -12 -85
4791 1732 55 49
4792 3363 -56 -54
4793 2258 69 30
4794 933 -18 -56
4795 2656 70 90
4796 3001 -66 -10
4797 647 94 16
4798 3043 -19 -4
4799 3619 10 24
4800 1296 -59 -15
4801 9893 64 90
4802 8903 -32 -18
4803 229 44 31
4804 2084 -20 -19
4805 7633 15 55
4806 8952 -19 -34
4807 589 82 21
4808 3548 -94 -94
4809 5896 11 85
4810 5330 -40 -51
4811 648 99 75
4812 9910 -67 -84
4813 5020 29 68
4814 4018 -34 -35
4815 471 42 78
4816 7315 -55 -93
4817 9349 91 55
4818 2708 -55 -71
4819 8151 70 40
4820 7376 -28 -52
4821 2588 53 24
4822 9739 -86 -34
4823 9956 65 32
4824 663 -53 -81
4825 9371 78 76
4826 2700 -36 -62
4827 9065 14 42
4828 7013 -10 -81
4829 9952 20 14
4830 8023 -53 -14
4831 7369 17 46
4832 5139 -64 -83
4833 3450 9 44
4834 2851 -71 -91
4835 5959 66 45
4836 8359 -13 -51
4837 9707 32 20
4838 7110 -65 -34
4839 3677 50 54
4840 4802 -75 -28
4841 2280 94 18
4842 8692 -28 -48
4843 1411 40 56
4844 3278 -35 -3
4845 9840 19 81
4846 3982 -99 -17
4847 5392 93 55
4848 1905 -24 -26
4849 2854 12 23
4850 8915 -8 -36
4851 5522 16 82
4852 5320 -99 -13
4853 9450 47 59
4854 2672 -68 -1
4855 5667 26 35
4856 696 -4 -70
4857 9096 73 30
4858 3489 -20 -38
4859 3051 46 89
4860 5101 -46 -2
4861 2463 6 95
4862 2175 -3 -66
4863 9152 19 5
4864 5332 -39 -73
4865 6094 70 49
4866 6414 -49 -87
4867 2538 39 83
4868 5096 -63 -80
4869 907 71 31
4870 7427 -62 -39
4871 7643 67 79
4872 6005 -21 -56
4873 4401 21 21
4874 9225 -54 -56
4875 5489 16 19
4876 7251 -36 -47
4877 5820 12 40
4878 8526 -30 -55
4879 6515 88 10
4880 1301 -28 -83
4881 7423 91 13
4882 7983 -31 -51
4883 5585 42 34
4884 6669 -18 -42
4885 5429 47 77
4886 2088 -19 -58
4887 4925 4 54
4888 1962 -63 -85
4889 3816 5 71
4890 2367 -19 -66
4891 386 87 45
4892 4172 -67 -71
4893 1773 21 49
4894 5869 -46 -76
4895 8968 13 75
4896 584 -89 -4
4897 8641 26 92
4898 2314 -58 -33
4899 4404 65 44
4900 5424 -51 -97
4901 2730 92 72
4902 5917 -11 -60
4903 8984 49 70
4904 922 -15 -8
4905 5448 30 88
4906 7640 -48 -19
4907 6779 27 37
4908 345 -3 -44
4909 827 5 82
4910 8417 -24 -59
4911 4231 74 94
4912 3207 -56 -83
4913 7328 22 16
4914 2889 -44 -37
4915 2275 97 25
4916 9555 -84 -16
4917 5055 37 53
4918 2032 -94 -49
4919 3809 72 57
4920 3116 -90 -40
4921 536 3 56
4922 8003 -94 -71
4923 9195 46 47
4924 2688 -23 -4
4925 5956 0 68
4926 8133 -10 -46
4927 3912 94 20
4928 4300 -14 -71
4929 7607 89 70
4930 4246 -3 -67
4931 4795 21 95
4932 9422 -46 -38
4933 6401 54 11
4934 7385 -15 -37
4935 9421 4 85
4936 6991 -98 -62
4937 7355 63 25
4938 7582 -52 -30
4939 5965 34 67
4940 8914 -31 -54
4941 1791 3 46
4942 6352 -12 -97
4943 8279 40 28
4944 7872 -42 -98
4945 7760 21 21
4946 583 -46 -39
4947 9115 97 75
4948 8074 -27 -2
4949 1271 60 47
4950 4716 -73 -90
4951 4777 46 52
4952 8815 -54 -14
4953 9454 26 62
4954 2825 -2 -8
4955 2108 30 74
4956 2652 -15 -85
4957 562 43 63
4958 339 -21 -88
4959 7971 9 49
4960 6617 -57 -27
4961 444 84 94
4962 6746 -56 -75
4963 6977 21 73
4964 6661 -56 -82
4965 8361 46 48
4966 7314 -16 -38
4967 193 0 81
4968 2998 -18 -11
4969 118 8 44
4970 4179 -75 -40
4971 9179 37 13
4972 6574 -37 -17
4973 554 59 34
4974 7389 -52 -78
4975 344 66 64
4976 1698 -27 -5
4977 7351 27 52
4978 7899 -55 -14
4979 3608 35 57
4980 3768 -4 -59
4981 2663 9 79
4982 9417 -80 -41
4983 8266 39 44
4984 3442 -86 -80
4985 5523 7 98
4986 9432 -88 -54
4987 4323 44 55
4988 3009 -99 -72
4989 4995 87 4
4990 4 -92 -20
4991 5727 13 68
4992 4880 -52 -50
4993 3599 60 95
4994 3689 -86 -71
4995 5945 26 73
4996 2529 -20 -70
4997 3497 75 94
4998 9789 -92 -12
4999 7052 24 23
5000 274 -69 -97
