6295
7921
8485
744
1711
9299
3861
4979
9797
4684
7006
2018
8032
9207
7165
7485
8990
2979
8216
8670
6743
2011
210
6522
7093
8118
7465
1236
1728
4711
5201
5868
1853
1960
4908
7895
5787
8020
1816
5996
195
2632
6313
2501
6934
9108
7432
5311
8601
2590
5982
8304
6677
1426
7706
376
1937
8042
6747
6965
1736
3270
6029
2676
5596
4537
3231
4669
6550
8590
796
355
3033
8634
5602
580
7959
1083
5183
7850
161
3534
5989
1700
979
4069
3338
6873
6717
110
4452
2241
2877
4490
820
9806
1188
5283
1716
33
3932
908
8130
1718
3394
62
2675
8222
1800
418
1791
1537
5858
5009
359
1675
3800
6708
821
4025
9381
8723
7256
8201
2481
3540
1242
6396
5352
3649
6523
2607
2103
2376
642
4025
1144
6042
1392
5978
133
8790
1426
8964
9610
5596
6327
1513
4529
710
2488
4589
6579
4568
9092
6893
2262
4169
1517
84
1025
3452
6868
2370
1103
3585
5812
6049
7287
1679
677
1855
2890
7646
375
7487
9477
7272
2543
6472
7102
1314
3920
8001
4314
3852
9444
5755
9728
1104
9085
5144
1426
489
5028
9433
3277
9560
1241
3932
7111
3376
8845
1337
5574
9644
7973
3843
2755
3736
56
8843
490
69
9982
8839
2190
4657
5939
9998
3539
3944
4730
4403
8723
1188
6338
6683
4620
3260
1616
8567
2942
8262
6465
3024
995
6788
8270
4250
4926
5229
7628
3580
966
3624
2011
477
7944
9559
1688
9525
5033
1360
3917
292
1734
9730
2658
7112
809
1404
2140
379
4900
2658
7002
4938
3909
4223
1867
8785
5956
7091
3640
7885
8377
1217
4524
6081
9315
6309
4540
4881
8443
350
1124
1434
2743
7729
3488
6004
6200
3057
6110
669
1427
4596
220
214
964
4262
7236
8895
6478
8761
103
19
5716
4407
5450
9842
7401
9184
2384
7052
7002
6194
7405
8238
954
2444
2393
4734
4018
9158
9029
8260
6764
6667
167
7031
1762
9482
6236
9681
7873
608
9354
880
9741
6574
6642
1240
6523
8629
27
9655
9323
279
8910
8436
7957
7378
9353
2692
2015
6255
3883
5380
3563
6518
5105
7638
7785
4666
314
7201
1737
263
3530
3088
4135
4368
5502
2514
9942
2852
7295
633
7218
8506
4050
8281
9330
4861
6699
9170
8851
2360
3929
5930
9108
5743
7372
4108
620
5722
521
237
6736
288
5343
6819
1250
3237
897
1705
2427
44
3525
573
6455
4906
3283
9096
4300
5242
3853
9619
9129
6320
4362
6908
6922
918
684
9029
5731
8616
7320
5414
2827
8435
9933
9188
2463
3326
2254
5731
2552
1790
2239
5534
2631
9136
2184
3924
7630
5539
2702
3067
6040
3225
9010
2969
6507
6627
8067
638
1109
2045
6878
7663
4319
7988
6980
3943
8472
3350
6656
3266
2127
989
4474
8603
7831
8974
240
1580
6542
9570
5794
348
1492
6265
9679
7243
3989
1958
3558
9880
4283
111
860
614
9151
17
3159
5824
2870
7930
1320
6286
6970
786
131
4595
5419
124
2144
8819
3281
4848
830
8837
7542
5854
9239
9663
6431
7341
4114
9693
6197
1681
9685
9647
8136
1041
7086
2317
3745
1207
1689
1667
1122
4963
100
5363
4704
6644
8440
8876
4043
1644
2519
8636
8934
4441
6746
9024
5287
8739
9063
1537
6779
5266
4991
2376
1533
2642
9243
2843
8710
1761
8328
6732
128
1693
5449
6799
6734
7958
2851
9351
632
8144
5796
6226
9032
5397
5333
8557
284
9328
4102
5193
8698
4732
5833
8331
9040
8609
8164
7607
8938
3024
5329
3891
6842
5785
1398
6861
7095
406
8156
3187
2523
5117
554
4474
2757
2735
4114
7029
5580
1709
4471
7951
5177
4182
171
3811
1524
8691
7951
1886
6188
2215
7626
7965
7000
5553
6152
2650
334
2716
1152
8745
6820
8348
8747
8602
9643
4233
9854
448
9502
5245
2474
4161
119
3293
5629
8863
7879
617
6016
9501
9149
1667
1502
4528
2817
328
669
7650
7681
4154
281
6283
3016
8487
3352
7039
6850
3485
8076
7219
5599
8493
373
8858
121
4587
7922
188
816
4093
2947
98
8676
7784
7853
8145
9646
6435
1687
7298
6155
1127
6183
1840
3862
2546
2323
5259
722
1740
7433
642
4364
2874
1133
6547
8004
4255
5529
8284
7544
5160
215
4450
9126
5831
8740
5273
6359
28
865
2478
7135
6997
5940
6532
1542
6958
5596
5548
1025
7884
561
7464
6198
9474
7522
8031
352
65
1908
714
503
9245
276
8053
4512
532
3917
9041
7162
9760
8456
9991
6444
3655
938
8089
4730
5949
9775
1908
6579
109
9564
4870
9583
4509
6102
2777
9791
861
1781
3076
5069
7607
676
4737
4432
9162
6893
3405
8608
930
9214
4388
6476
9246
8854
5735
7335
8604
1294
9132
8581
3912
6179
5441
7047
4918
1395
869
5536
1808
880
5363
2116
8160
4175
687
8379
2291
1944
2410
3911
172
9282
3146
2373
1580
9101
2692
5401
4025
2430
2111
7467
2906
4251
793
454
6852
7576
554
3585
8835
2554
2817
7176
6639
8077
5732
307
6040
3947
6347
6795
5162
6206
1047
2860
1442
3997
8628
5347
8113
6466
3795
6007
5318
9692
6724
1268
4861
9429
6361
4554
8381
2301
5683
5083
2586
2097
9347
1871
316
4216
4029
5690
1883
3296
8407
4480
8343
8046
9181
2556
6008
9888
1297
7134
109
6778
5090
6773
9301
5386
500
9715
6645
88
3475
2038
4945
696
2784
2562
1601
2700
4381
1991
6937
9309
1236
6238
7208
1173
8421
2219
6524
2957
3476
3715
4451
8991
1538
1936
2949
8290
6289
1854
9733
4392
6191
8017
9667
8074
2886
254
6162
4720
5397
1533
2375
3260
3320
2931
6016
5621
5091
6747
3814
1454
3644
900
1933
9318
734
308
5404
5370
3048
8054
3959
468
1576
8779
702
7071
2196
7256
7223
9951
4681
4629
5848
7952
3620
1701
8593
4369
8941
666
3705
8987
6119
5898
122
1343
4816
4532
9184
3575
5835
314
1720
2434
5670
1167
9820
2513
7079
7917
2702
8684
6887
3953
5267
4240
3546
3516
1576
6669
3205
5503
3956
3170
1914
4031
9516
2891
8578
7508
6378
4045
416
4662
3802
2209
3871
8238
7668
755
2338
1864
9431
4038
7480
6625
8424
3340
9198
9022
9976
1873
6906
5969
1551
8213
7262
9003
3588
5580
5281
3067
8624
9996
7573
3249
5013
5967
7346
988
5434
1057
8
4704
3848
8870
710
2073
5380
9042
3102
9974
2132
9980
2793
7319
8207
8198
1585
1551
8094
2347
3468
4707
1992
404
4330
3755
4365
6598
9874
6341
3605
6341
1365
391
8959
2394
8986
3045
6691
874
3573
4807
1263
6879
9170
1069
5594
9425
5145
632
176
146
7803
1739
3553
132
2239
5436
6170
3636
3756
4464
6574
4136
4631
8018
2255
2278
9484
3491
7560
5190
4947
1498
1597
7807
6805
3060
8842
3669
9619
7107
7766
9175
2638
6713
7043
2804
128
5924
2771
9197
7212
8465
1844
2651
4023
5731
1586
3413
1911
832
5056
9288
5627
9270
5370
320
1676
9179
7363
1919
6783
5368
1175
183
3786
1806
2880
3222
1998
4077
902
1893
1435
1205
5787
746
3649
5416
4291
3687
8374
7304
7841
4560
4346
2934
1415
2625
7370
2104
6023
7113
6053
9920
7937
694
3594
3647
2691
4495
4088
8140
5374
7459
9450
4338
8448
8392
9000
8439
4797
2500
6338
2609
577
5949
4487
8937
6406
2150
2138
1732
9301
705
619
2390
9397
9622
1847
3292
9257
1872
1838
3780
2328
2857
8859
6361
1286
1412
1906
3662
6762
9978
9762
3657
5547
5457
9868
1339
5231
1413
7233
9210
1075
3620
724
5563
7379
5562
3218
9343
176
5835
5459
937
1906
7685
4189
3340
4311
6228
9287
827
3495
941
1934
9615
5376
8954
8717
2209
9219
9801
5894
8804
6793
3340
6229
3544
6707
8550
959
5003
7299
3084
3929
1983
1561
3027
2923
7610
4472
43
6164
9898
9048
2268
9211
5952
7819
9798
5666
4699
2915
3076
8933
3927
1608
1001
6231
7676
519
3050
9847
3040
5688
3643
5534
59
1062
5567
163
2027
4201
5673
2406
1171
6338
6496
5303
8298
639
4761
8502
9500
6750
2753
6505
7701
5082
7216
2428
4496
8010
5524
1229
8807
7808
4953
5108
9194
2180
9512
144
6877
9269
8207
8669
9283
1256
5672
121
6767
7683
2160
2143
5859
6879
149
9837
5875
5649
3700
6121
3965
5623
8235
528
1272
3225
5658
8021
5978
2595
3117
8234
6601
350
5105
2135
1867
8879
2627
6626
6713
2653
912
4198
652
5216
882
5750
7891
36
406
4399
4496
1876
38
6940
3711
4403
5723
3036
1062
8699
5110
8765
7446
2182
4136
9926
8932
5034
6969
3301
341
2968
9705
3488
2627
2731
2367
4274
4273
4014
9312
989
2726
747
3372
3294
4641
9113
227
757
3059
9201
3619
1253
9149
7713
9126
3808
2042
9863
7525
395
3163
1195
1947
6486
3579
1074
3057
4579
2213
3456
2237
7630
3980
9569
5765
180
8852
5267
2904
5176
4236
5478
7386
8650
2972
2090
1501
9981
3995
435
6787
6072
5902
9540
4230
4059
6255
7317
4308
9068
5132
4319
652
3368
4307
1832
5048
3901
5606
8646
274
7749
8589
324
881
2699
3904
1617
1658
8412
7027
1897
6194
1670
7504
6425
3686
9224
6472
2327
9653
9441
613
2964
6768
3445
5600
3052
8971
1829
7196
9177
4247
6200
6012
9425
2232
7690
6498
7282
6627
7795
8350
7332
9304
5808
4738
5476
6861
7550
1394
1376
8712
1456
8609
5036
474
9971
3852
3473
4629
8583
2510
7420
3757
5938
7836
8035
6410
5841
8307
6399
6850
2702
8198
2032
795
1245
1945
5333
4669
4116
6903
6783
150
6508
6847
291
2026
7086
6024
5576
1011
1373
9919
5450
1576
8899
8669
6146
9822
8848
2407
7403
5799
39
8591
3053
5453
2620
4209
4513
4018
6528
8928
82
2243
6393
6970
9518
9844
4729
4766
8626
9796
2216
8846
1111
6220
6935
6740
5219
6210
736
3373
7458
9432
1042
1191
6000
843
7903
1635
5896
5626
9533
3772
5963
3987
2069
8001
5734
3569
1631
2237
3173
6820
4998
7927
7900
878
1605
8364
5444
7681
8970
6826
7501
8289
8876
1329
5358
6569
3173
8187
3918
8822
6866
7369
5403
5332
2609
397
4812
4898
6911
3935
9181
7136
1865
9153
9359
2748
3083
3484
1348
2912
2887
5182
6592
1837
5350
1005
3826
4965
7493
5529
6980
7817
5974
5158
420
8107
3506
3356
7504
1166
8531
5778
9189
3475
8830
1146
815
5163
5120
6778
1562
3793
405
681
4084
9667
4420
9396
254
4552
3380
1858
4541
2164
2072
9835
4393
9777
538
7525
6009
5863
6689
3255
6173
1338
9036
3930
5975
7562
5639
7358
7295
63
7187
6609
9431
4294
2726
6468
8757
5529
5473
1881
3156
6858
9860
2905
7761
877
5869
3512
8303
5844
4650
107
5214
1320
9528
3261
7008
9727
3498
6057
2181
6706
9159
297
9194
7103
1928
2338
6187
9095
9136
6525
5689
6244
7510
6819
1545
379
8067
2470
9912
9282
8595
4956
9463
9330
9526
4979
3982
7466
101
8671
6807
2614
8759
7526
4511
680
8933
3247
5010
2496
8326
77
3791
1784
4497
9100
7397
106
3270
7407
8834
9310
3107
9594
9485
6208
2936
5831
4636
781
86
6851
7131
4662
1472
4764
6028
1586
6361
2980
4776
6289
7381
9876
772
3651
8150
5020
2017
5130
2856
5833
2323
7013
6892
8620
7832
9575
2130
5632
4304
2618
3461
1470
7570
3214
9798
664
975
5924
9715
9057
9260
1233
9994
4204
6714
7534
8311
9176
3891
2284
2644
9043
3934
6283
9642
7324
5405
8383
3414
7104
7955
4028
7605
8480
5032
9888
4617
5015
7668
6704
6005
3210
6821
9686
6870
4419
1567
6476
7356
6249
6692
6462
490
7385
8340
7825
3986
3151
3413
241
9804
575
9784
7172
3604
3549
7752
9835
3223
6499
5793
158
6402
1288
3752
1055
3414
2004
1836
3783
1895
7971
7004
9261
1535
4074
176
9127
2128
6980
4471
5640
9534
2379
8918
8193
2945
1476
6159
6696
7836
7081
2700
972
7025
6661
2274
9624
4350
4163
4833
7608
4217
4579
1662
518
6184
9337
9328
2312
8155
4866
7152
9466
5264
8544
8735
2636
3049
4576
1490
1291
233
8165
4449
2551
6130
5928
1035
6178
8262
3247
6744
3628
375
6488
5307
4143
4611
1793
1746
2553
4247
4060
2809
5431
366
4362
2402
3631
8237
2942
7163
1653
699
9699
9107
9089
9530
5911
7818
9135
3588
8702
1995
6750
6663
8522
6461
6027
9491
2755
4601
4096
4838
7383
9111
2603
2309
8800
3943
4130
5347
267
5331
3
4422
22
3106
4306
7329
9534
142
201
317
1335
3049
9886
1319
479
9457
1604
1012
9565
236
3710
7826
1841
2881
9182
4976
6928
2944
6794
254
4311
9850
6753
6877
8340
4594
7438
2740
4182
3674
7390
5895
6732
450
7012
7884
7428
9283
88
7271
5479
2411
6718
8010
7227
6074
1542
2907
6826
6582
1646
3496
8033
8730
7476
4248
4958
7450
7981
6606
2398
5059
42
5723
6745
721
2199
2436
6912
8190
3351
7853
8006
3577
8836
1037
7590
9983
2027
2679
5199
8632
7056
8823
5528
26
9957
8409
7789
6085
464
7508
6161
1973
268
8337
2007
8620
7560
7801
5281
7106
804
119
4625
4628
777
4701
7682
9745
4761
5068
3557
4825
5766
9758
6028
1937
6310
5201
5215
7409
4044
1238
2853
120
6176
8403
263
1952
755
2354
9784
5604
5675
2638
4514
390
5643
5361
8712
5933
7323
9094
4428
4486
8899
3147
7694
9476
7413
6341
562
1997
9028
9123
6837
8034
4644
4323
9155
4623
8193
212
2622
9310
489
4031
2097
6328
542
8884
9490
1501
3577
402
6065
2945
1492
6516
3181
9889
5922
2507
9466
7546
7539
2686
3389
2534
8046
6386
7614
8506
9951
608
7886
6508
9507
8351
4044
2158
5499
9927
9201
4288
2007
9774
9089
541
3504
4025
260
4926
1310
2154
5568
3712
2551
1304
236
2411
3490
6205
6224
439
7971
9796
7484
1435
5486
4183
2078
6112
3722
2000
7434
2954
5517
2809
5262
7163
6705
1702
9779
3942
448
1974
9178
9387
8716
2683
1745
607
3515
5056
1561
6769
6399
3011
7393
5255
2716
1698
1513
675
6486
3136
4387
4213
5123
6216
8455
5135
5131
4298
4718
8625
8380
7028
284
8086
5536
4873
1458
2647
3387
8774
5370
3438
3762
2032
5842
9442
4632
9048
740
9050
9060
7273
5108
9651
6139
387
80
9388
7448
3773
1452
3280
2651
3463
4115
8576
7860
9790
4300
5157
6321
6453
1509
5371
3320
4818
7688
5324
4496
5742
6439
3923
4542
9703
3020
7811
7044
8932
9360
4380
6210
3635
1148
1027
1877
5700
3385
1777
7798
4024
2611
8090
4082
2191
4089
5532
3616
5967
2960
9345
8168
4290
948
4807
1992
5893
3105
8533
351
6969
3448
6599
4107
7063
2540
2645
1185
2331
5529
1109
9768
8565
7066
9246
7436
381
8323
7271
8921
9768
7035
6553
7196
3108
3326
3122
319
8334
7421
9140
4388
9176
9487
9750
1550
8934
6138
7457
1089
5261
8501
1228
3996
9540
13
2818
4670
9467
357
4382
6914
4595
9020
712
1636
3793
4024
7747
9839
2638
177
9606
7859
2950
5598
8494
2082
9165
5242
9524
7412
2002
702
1966
781
1790
4896
2898
5370
1312
1131
1103
2484
7733
7085
4205
4141
4931
941
6779
955
6808
2149
1395
1412
1619
4401
1136
637
7895
1722
4415
7484
6553
9329
2491
1996
5360
2108
722
4008
9833
3205
4627
939
6223
6354
6375
289
145
7653
7967
8494
9130
5869
5021
6167
4591
3667
4250
3524
8675
9153
2744
6222
2062
2184
9717
8267
7590
4074
905
1875
9919
168
8015
7683
1498
3269
5417
3182
1289
9820
9057
6497
9345
8026
1022
8806
8413
1952
9289
5696
3741
1508
7870
4383
6394
9505
3458
6901
985
6786
462
498
9660
3872
1015
2237
233
2056
8180
1183
4207
6363
4470
1053
5163
3541
2273
605
2971
4974
7095
4171
3023
9938
3312
3174
9323
6083
2571
5215
5049
6298
7572
7017
4672
8060
2492
115
7060
7092
6358
6548
9553
8592
561
315
1937
4787
5208
4749
4681
3423
4374
3562
2076
740
9720
1438
3806
5158
4168
9512
9069
8266
4790
7966
585
3778
795
8907
7776
8118
3802
5935
1699
7350
7609
7127
6226
1087
6177
133
6223
8779
8009
3582
9041
321
5704
7258
6615
413
219
695
5882
5466
8061
9078
2677
7238
8569
97
6326
1434
4131
1388
5385
5078
4391
8094
5900
8521
1788
6365
3170
3950
4253
4304
1738
5268
4072
1239
5771
2815
6557
4620
6180
8359
2746
55
8265
9259
6142
9033
9775
4119
3852
2600
3404
3804
5915
1507
1489
8348
2313
1704
1047
7848
8660
6522
9560
2431
1220
2831
9007
3435
467
3847
1046
6239
8115
6233
9127
7119
6965
9151
2533
9575
5089
9048
8686
3228
248
6011
9681
7015
8664
2067
2522
8351
3506
3110
6260
8998
9213
5380
4074
4656
6136
912
2747
3239
7259
2043
1413
3871
3594
6598
9950
3949
720
4137
1120
2758
9261
8727
751
7255
5946
1712
4435
3820
3696
5622
7191
4223
5554
8311
6578
4225
7143
602
3984
8069
6967
6384
7330
6193
6942
1489
1353
5674
4698
3571
5115
9939
6074
2657
4577
8775
6795
4484
9776
8802
5246
2484
551
2172
7610
3029
8387
9359
690
327
7618
1226
8950
4990
611
6896
2862
6425
9720
3757
7417
8714
6216
5888
5803
3080
7915
8123
5776
8728
2331
8975
6828
4771
2392
4119
8171
1979
432
8658
9076
5944
26
8553
5916
9015
3165
3430
2025
2396
3996
4603
8749
7822
7945
8262
8681
4844
1137
3148
7428
6001
3391
6063
7183
3887
9803
4240
4223
3795
9902
4043
2943
1712
3960
8822
9501
5480
9628
2529
5736
3109
210
8170
1506
1405
1645
8737
7639
6211
2736
8631
9231
5990
3403
3122
2033
51
5539
2845
8526
2181
4883
942
5531
5674
4890
4118
346
7807
3950
3391
4878
4129
3192
1716
2546
9233
5942
5333
5825
6788
5890
2293
3277
1890
2367
4468
759
5897
9264
7508
1028
4986
9590
9326
3139
4807
2713
7593
3587
4810
1927
3138
2872
1838
1199
2572
7233
4479
816
6474
6860
2398
1044
9834
7485
8894
8941
750
3442
8430
8925
1275
1070
2898
6767
1195
4269
7626
649
6884
3611
9914
1761
1708
6738
8941
4547
997
3279
9118
859
3185
5650
3013
5360
2752
7732
7348
6470
1956
8098
2575
3644
3190
6685
774
4765
1762
1891
8723
6177
7947
752
5366
4622
4840
8231
4353
4195
543
2144
9191
8132
5433
6211
9181
3463
9759
3701
3216
2075
8130
7543
8113
1503
6526
1275
8614
5309
5256
1342
9292
9494
8066
5448
453
2744
3250
5340
15
5934
3008
2735
576
891
4908
8222
4974
8044
2638
3834
6978
7726
8322
1116
6987
7455
4503
7127
9129
1567
839
3231
3065
520
2716
1517
1005
239
6358
3875
3755
9105
5239
8640
6443
4313
6426
7919
9817
738
7146
3163
9653
2424
9864
7756
1082
8575
4330
9676
1364
2549
8158
8959
2353
4432
4336
3177
9328
7202
2559
5538
6009
7090
3668
3506
5876
5015
4413
7784
6286
431
8187
3532
4095
5976
5202
4893
4165
9714
1641
5879
1428
8149
9601
4108
3294
5268
6308
2379
1515
3745
4350
9347
6860
5111
8873
9288
7055
6536
4358
4224
7052
5355
9724
3686
2089
8988
1213
8983
5109
3258
3928
4045
3955
2843
2628
6802
8944
3164
8057
7594
6020
1160
6809
7248
4466
3346
7492
52
9864
4866
4788
3358
6912
3777
9850
8982
4379
4592
3403
7575
6636
315
3235
2904
4245
7174
5423
7903
4189
7179
7001
6674
4327
2358
7726
9519
5704
3716
3177
1604
4168
7762
1227
9732
2679
1256
2066
5170
7581
3680
4917
3376
8965
1724
4025
6438
2199
5191
3504
8418
2389
3789
6328
6434
1158
973
1839
2528
5533
8358
8027
3086
652
1842
6533
7215
8369
6597
2596
2880
6899
890
7091
5394
4785
4357
6687
3418
4147
500
6856
5610
6682
1645
3348
3464
1130
5459
1455
2087
2614
7270
4734
582
5353
7068
2988
8908
3228
210
1328
6469
5896
6236
3484
2680
4035
8840
7444
3659
6205
6091
6528
3789
9342
9848
4872
4806
2963
7857
7985
2524
149
502
6048
9220
9863
5354
4753
510
903
6512
7946
1226
6978
1077
3899
4445
2917
5615
9244
5176
8101
9559
5701
2732
2776
4407
3406
677
873
6193
3722
9689
2286
3256
6747
8402
1545
806
4033
3165
5948
1378
2976
1236
7723
2700
4259
3890
4295
8388
2217
4063
3555
8674
7447
366
4744
1587
9340
8635
5117
8381
7088
3073
1570
2467
1285
5199
913
6079
7496
4593
9070
839
5884
4887
1725
3123
2129
4588
3986
5817
1196
1136
640
8280
500
4672
4172
4767
5389
8185
837
5810
1888
3736
3421
2206
6425
4341
5873
7184
6004
4551
4530
9087
2318
9568
4882
4088
1628
2562
3236
2745
6038
3925
2318
7763
1785
2758
6010
2730
69
8322
7140
7300
6428
3035
6961
2221
526
144
2193
7264
324
2101
9740
2179
7927
1605
1166
1386
3708
1373
3952
6515
949
3096
7971
3880
3257
2890
1326
5639
8196
6875
5598
4192
5562
3122
6697
4583
4051
4640
9516
8960
7227
702
6120
8818
2
3823
9328
6464
2559
9003
9648
1138
6659
7498
5853
5042
9991
6633
2078
5611
6637
7176
2881
1077
8081
9846
5637
9017
3804
8215
8869
1453
6303
8064
7686
8804
6469
8949
423
8693
6732
2925
6255
5943
5816
7280
124
2646
7365
3004
5947
8285
5578
189
1574
5947
3182
5211
8994
4751
6
713
104
3480
2607
9756
2349
5975
3060
7890
6211
1322
2885
6705
6152
4545
8696
9098
4129
3400
4230
4079
6732
1444
6087
6447
1629
4954
6955
2302
9188
2792
2594
4682
1120
244
7356
8482
3880
3887
1329
6025
504
5488
2266
4219
1037
5158
2606
26
5248
4879
4989
4707
3355
9223
2406
8374
2324
9270
1144
6536
1543
7229
8299
3057
438
4019
8282
9974
7043
5457
9644
905
7525
2277
2926
567
4840
6476
5497
1211
2397
6461
6958
6405
3318
3573
2241
6045
8564
6958
8832
195
8052
1499
8609
2566
3489
6037
1726
1980
5386
8408
4833
5521
2636
9306
4166
9201
684
1914
5868
2718
1934
2304
8709
2355
2946
7782
257
9699
862
1660
5194
4402
2282
6656
9827
575
3923
2247
1631
890
8445
2732
4509
1243
2240
5410
6854
3872
9393
4472
8279
7202
5031
7218
7861
4720
6273
2297
4261
8248
1017
6144
2169
5127
412
9341
212
3799
8001
8618
1915
5510
2287
3345
8875
1868
7359
2143
5803
4290
3042
650
3531
3125
9599
8748
644
4908
6455
2460
8634
5064
6389
2055
3385
1512
3377
5700
198
4674
4996
2414
549
2289
896
3396
1871
9344
4872
5149
8644
2194
4
4106
512
5670
5487
9998
8020
106
2770
1432
9343
5569
6762
5409
9567
87
6507
8497
343
1399
714
9096
8876
5375
5752
2052
2525
8468
7444
9925
3282
5894
5329
2981
7449
6083
5291
2800
647
1754
4120
1474
7830
3311
743
9974
1696
3265
2265
4605
9860
2111
6234
7431
9394
5217
5913
5299
4762
9026
1957
7124
4806
1866
2883
243
795
7263
6434
9713
3979
5519
4822
8173
8359
7066
4428
7040
3497
6132
833
6344
3318
2590
586
6133
7827
2336
6566
7665
8383
6154
6025
7802
8760
7803
1462
2011
6986
242
335
6651
1180
5967
6615
7645
4664
5440
9040
3452
7081
4652
5286
4555
6562
7470
5176
173
797
3286
2918
3216
7211
9913
2439
9448
4587
7850
2865
1771
4135
5448
1114
4007
8867
5008
7027
8114
9226
1403
3789
9668
7906
1093
9437
8910
2178
7238
5864
7416
9120
5497
2145
5831
7858
9347
6300
4191
8623
5457
3681
4013
7924
8754
3232
6483
3290
233
4550
6955
4817
1674
9925
4445
1157
1482
5862
9439
5880
5254
433
7794
7508
6985
5654
822
6574
8287
1587
4692
9203
9626
4708
8860
2241
9540
4262
3432
5449
7076
5875
2904
7412
1824
3198
6452
5186
430
1626
189
6257
3656
7850
101
3002
2795
3308
1319
7349
7629
2013
6336
2950
7779
7241
8995
9511
2538
6068
5027
3416
6084
7922
5354
7391
3417
9346
6033
8936
5096
2766
945
5626
6164
9923
4950
2638
6386
9832
7327
4235
8125
5688
5676
7827
1204
1800
5611
5995
152
3616
871
4088
2427
6294
5997
3107
9617
5253
6658
9522
8637
3506
9017
4811
5923
782
9087
4206
9420
567
7390
1102
3979
5135
7043
262
8621
7627
8823
8948
5363
6124
7186
8056
2212
2545
391
3009
731
556
1602
7935
8596
6284
2357
495
9603
1712
2841
2524
369
2060
5787
1563
9516
8033
928
9886
3004
422
6700
5641
9089
1297
3663
5869
5261
3459
8274
5367
67
2913
7312
151
1921
8384
4266
9181
5749
4078
7595
8898
1310
6648
7708
6846
9404
2829
8640
1966
4903
3255
5890
202
1682
7654
2601
3406
8632
3731
3757
5704
7925
1246
5488
9667
9743
5753
3576
795
2702
7835
6720
355
9311
7888
9389
10
85
7042
6964
5813
4908
6430
4635
1233
8982
43
1055
2427
5120
310
9900
2619
3388
8061
5471
9417
7401
5537
6065
3392
351
7408
49
6847
833
2089
9848
3509
7781
3602
7013
9829
5969
4288
6072
394
3488
8357
1903
9178
5786
9685
5492
1974
7429
8974
2822
4388
9353
9048
5696
5467
4759
8375
5723
2292
8208
9634
9537
5641
466
1583
685
5826
4871
6026
7565
6363
1896
5483
2299
6140
6815
6988
5229
6821
1019
9617
6280
5209
6645
9048
3689
4
4426
4470
7561
1989
1401
9323
1622
7434
4570
4657
1841
2758
3138
2766
4329
8390
9939
2158
3902
520
6399
2404
2780
6446
3798
4740
7936
973
7974
7256
2353
71
1912
8251
8071
8176
7648
4400
1652
1979
638
1186
6534
7012
4417
3255
4245
5808
9737
6380
4181
6222
740
4585
270
2138
8505
1758
6577
9666
3140
4675
8820
4731
9490
4637
9835
9647
6888
7950
8783
794
4527
8490
1820
840
9531
1872
681
9761
5241
7963
8903
9969
7734
4594
4391
529
9264
5958
9395
7212
489
7365
5640
6101
7017
3881
2539
9305
9195
6592
3942
9675
5038
7242
2509
9452
4240
114
8073
654
328
5139
3955
6758
7303
9816
498
764
1308
8548
3499
2025
5164
1493
8065
7171
2308
5981
2005
8817
9236
9345
4660
3858
9055
4946
1737
7479
8297
5057
7567
4801
5481
387
7949
6439
1182
9749
9517
9675
860
5460
7939
5265
1902
2826
1891
7562
4710
6878
9136
5658
8896
4185
3046
9137
9138
722
4999
3835
7036
7214
6121
5618
2328
8340
4319
2844
2573
4614
5997
3433
8242
9565
1526
4259
8886
7818
1686
7638
5547
2749
9406
9982
5343
9097
1883
8855
13
4106
4006
2181
6365
8357
1835
6170
4004
4311
8962
2750
7164
3
3962
9230
5124
2330
9387
4057
6013
9788
7330
9062
3206
3194
1383
6227
8469
3880
3009
8874
8271
3371
5505
57
1443
9875
2701
854
5644
8358
4987
7348
3542
5026
9798
4738
4138
8871
1631
9863
2236
7592
6378
6000
7734
7114
8236
5306
6785
6460
5073
9128
26
683
4933
3730
525
4890
1763
2072
7807
4210
3265
1904
4022
31
9030
856
973
5201
268
402
3821
4804
2215
9375
5888
1419
4704
3641
6789
6573
5396
6669
9447
8503
6305
2709
7864
9101
620
4311
2285
6402
1634
9249
307
9469
1643
5811
2534
465
605
7673
3275
1762
8523
50
2743
3489
9428
1790
6764
1359
6224
6979
5894
3466
1739
1553
5940
9538
3212
603
3502
9604
2824
1625
1579
4825
8892
1301
1196
8775
7022
4275
6051
2471
3807
4842
5538
87
9110
3406
3189
7683
4744
4389
9477
7930
2378
7938
5525
1643
6307
1391
1298
5642
8112
6295
1002
2822
920
404
3854
8872
6042
6845
4304
6558
27
484
1285
9634
5391
3727
7195
9638
1125
7236
1827
2265
7499
5707
526
6788
3078
1670
2219
2498
8515
7175
3266
8919
723
1441
3820
5287
5856
7450
7538
5176
665
9534
2830
4582
1470
3541
4306
4603
5909
1426
4667
2947
1831
6608
6801
8655
1694
7112
279
1151
5149
3083
6921
9963
5016
4052
9790
5137
9891
9601
4585
9949
2638
1599
1014
5914
7930
1329
6853
971
3604
8852
9071
8326
5478
8404
6363
9693
468
6805
2442
9813
4612
596
8867
140
5853
7633
9719
3445
4374
4234
9879
6997
3992
3381
7027
4124
5286
4618
6817
3022
5452
2635
719
7493
5854
6729
7034
5223
4316
7868
6818
5278
5408
7336
6399
3259
7343
3358
8905
1915
6989
32
8454
9862
3047
2558
7313
1361
3648
3961
5929
5430
7694
6226
3093
2730
2678
1160
148
9220
8885
8576
7816
311
351
4187
6955
7196
7759
4882
5524
3312
8345
2055
3816
1774
159
941
3257
3251
5590
1808
4626
9820
4700
641
390
8278
9277
3316
8272
1666
8736
3916
7241
7565
5479
6403
3595
6110
5261
5084
6039
3840
2448
1490
793
15
6788
8932
7319
2283
3784
5272
6667
47
3293
2295
63
4642
3858
8587
6239
9518
730
7170
9633
7244
1746
6803
4598
3122
9518
8993
6038
1065
3306
8449
4928
966
7205
2818
8602
2861
1670
9393
7717
28
4062
5324
1517
4669
1082
1402
5478
6960
1926
8455
5377
6238
7888
6709
6730
7404
4122
2542
8825
4263
6178
1755
2693
2999
9538
8579
2758
8080
3468
298
4215
5252
9979
635
9758
6760
8514
6452
3423
1717
6198
5690
8564
4420
4259
8952
2964
9785
2021
968
6560
9212
7803
6137
3597
6713
8150
1120
8544
9926
6109
5381
7443
6514
302
7214
1531
7151
4555
