10001 2 7927 1174 8109 1404 61
10002 1 7857 6057 8056 6235 114
10003 3 5345 5526 5571 5737 65
10004 1 5995 4441 6155 4644 151
10005 3 6819 4509 6992 4663 188
10006 3 693 1745 918 1901 193
10007 2 2705 6240 2827 6361 11
10008 2 8199 7659 8322 7823 13
10009 1 54 2949 277 3074 186
10010 3 1597 9363 1780 9495 153
10011 2 3400 9536 3592 9723 72
10012 1 5309 4852 5483 5039 44
10013 2 652 369 794 572 72
10014 1 8546 4833 8760 5032 167
10015 3 4716 1985 4884 2192 46
10016 3 2741 176 2953 371 27
10017 1 3474 2576 3697 2705 83
10018 1 5358 3790 5570 4029 179
10019 2 4649 1919 4887 2147 61
10020 3 3255 5498 3421 5667 93
10021 3 890 3324 1063 3534 119
10022 1 8394 6597 8609 6831 139
10023 2 5116 4811 5258 4964 165
10024 2 2553 7718 2744 7888 3
10025 1 2315 9525 2530 9674 185
10026 2 3772 1936 4000 2119 191
10027 1 3414 247 3563 367 72
10028 1 8065 8926 8282 9089 157
10029 3 900 82 1050 314 120
10030 2 1926 418 2046 632 197
10031 2 7479 3782 7602 3925 13
10032 1 1708 6144 1846 6359 51
10033 3 8082 1217 8269 1434 7
10034 2 1479 2814 1608 2955 130
10035 1 5433 5820 5631 6036 33
10036 2 4893 1532 5108 1674 102
10037 2 2107 1836 2228 1977 171
10038 1 4878 1476 5002 1666 116
10039 1 6319 8246 6515 8425 55
10040 3 7481 1553 7676 1698 26
10041 3 5241 1646 5392 1799 102
10042 1 5782 9438 6018 9566 47
10043 2 4067 6834 4193 7043 2
10044 3 6309 7750 6497 7944 71
10045 1 3949 7577 4090 7714 81
10046 1 8969 1707 9202 1851 60
10047 3 592 313 769 488 139
10048 1 7206 2203 7405 2371 187
10049 2 3650 5625 3817 5828 32
10050 3 7252 830 7453 989 63
10051 3 1226 2731 1431 2943 69
10052 1 7019 6825 7228 6956 108
10053 3 9689 1316 9813 1482 55
10054 1 2008 1108 2222 1330 67
10055 3 3749 3027 3919 3223 31
10056 1 3260 9395 3439 9529 151
10057 1 8470 8249 8663 8483 73
10058 1 7092 7963 7244 8155 175
10059 1 9010 1384 9211 1580 54
10060 2 8491 7288 8615 7443 40
10061 1 6190 1397 6394 1545 107
10062 2 9157 6471 9351 6609 78
10063 3 7779 5754 7963 5941 68
10064 2 3249 8854 3385 9025 172
10065 1 5731 2206 5942 2328 139
10066 2 1105 2426 1230 2616 180
10067 2 5658 4642 5795 4849 21
10068 3 8984 9490 9129 9610 25
10069 3 6147 1873 6348 2046 70
10070 2 8515 9388 8669 9521 94
10071 1 1615 5461 1766 5614 7
10072 3 135 2613 337 2774 116
10073 1 5175 567 5392 743 163
10074 3 4518 8293 4664 8439 172
10075 2 3876 1176 4050 1303 40
10076 1 4730 9169 4940 9399 65
10077 1 6682 3536 6837 3763 170
10078 1 5765 3939 5908 4085 12
10079 3 139 5387 330 5541 1
10080 3 1381 3626 1562 3762 22
10081 2 6207 5588 6400 5718 48
10082 3 2980 9074 3134 9311 58
10083 2 6308 1471 6506 1670 193
10084 1 5775 1543 5936 1709 132
10085 1 7095 7624 7217 7860 28
10086 3 6718 1693 6954 1833 129
10087 1 8265 3013 8409 3208 137
10088 1 4358 1150 4517 1286 24
10089 2 5249 3703 5448 3913 89
10090 2 3270 5679 3454 5823 115
10091 2 7562 9242 7692 9414 175
10092 3 3166 9410 3312 9572 109
10093 2 211 2384 331 2617 25
10094 3 4682 6924 4861 7049 85
10095 1 8452 7123 8647 7255 39
10096 2 2369 1990 2545 2198 29
10097 3 2740 1359 2912 1492 161
10098 3 6989 7804 7131 7995 10
10099 2 6642 2067 6794 2282 124
10100 1 6102 7760 6237 7948 41
10101 2 9184 7221 9317 7437 94
10102 3 9129 5569 9280 5701 109
10103 1 1023 8438 1231 8647 172
10104 2 1480 552 1626 782 13
10105 2 7542 1070 7760 1239 122
10106 1 4813 3323 5011 3490 113
10107 3 5017 7341 5197 7520 106
10108 2 8108 5011 8269 5158 74
10109 1 370 7973 528 8117 64
10110 1 8701 9423 8883 9594 101
10111 2 3629 5242 3864 5470 68
10112 2 288 6447 445 6642 59
10113 2 6901 3257 7130 3429 127
10114 3 137 4792 366 4987 142
10115 2 4145 7943 4384 8136 140
10116 1 2598 720 2763 915 28
10117 2 3001 3907 3147 4130 187
10118 3 1890 5982 2058 6125 47
10119 3 7388 8129 7626 8357 93
10120 1 8882 3186 9074 3383 170
10121 3 9191 3268 9388 3503 106
10122 3 891 2751 1096 2984 33
10123 2 8423 796 8623 953 180
10124 2 7897 9272 8094 9473 128
10125 2 2997 1950 3182 2104 83
10126 3 6062 3440 6243 3667 181
10127 1 8588 4388 8796 4571 94
10128 1 5151 5651 5365 5822 9
10129 1 8799 2249 8937 2400 184
10130 2 128 5200 310 5335 46
10131 2 2364 5275 2602 5438 74
10132 3 7416 5544 7640 5780 171
10133 1 9456 5588 9602 5816 197
10134 2 1265 8340 1431 8544 13
10135 3 1329 3836 1521 4016 29
10136 1 2876 4585 3056 4795 105
10137 2 9658 3890 9794 4031 79
10138 3 6906 3575 7028 3780 30
10139 3 6497 2469 6626 2651 127
10140 3 7927 9433 8091 9609 10
10141 1 3640 4505 3871 4714 137
10142 2 1361 9571 1522 9804 129
10143 3 5944 6982 6085 7156 186
10144 3 953 7386 1115 7555 114
10145 3 2483 6055 2648 6292 149
10146 1 8703 4362 8928 4528 178
10147 3 3777 4622 3971 4818 30
10148 1 4633 4764 4777 4994 125
10149 3 9357 7832 9575 8017 117
10150 3 9048 6600 9284 6756 115
10151 1 5715 6009 5899 6208 105
10152 3 6451 466 6636 639 59
10153 1 5915 8856 6075 9086 85
10154 3 2814 684 2973 854 23
10155 3 4421 8104 4600 8228 65
10156 3 5337 2836 5521 3029 2
10157 2 7409 8393 7540 8587 11
10158 2 350 3361 499 3507 158
10159 3 7347 7632 7525 7819 116
10160 1 81 9352 316 9586 60
10161 2 1059 1489 1261 1618 167
10162 3 7744 6454 7954 6613 76
10163 2 3156 6695 3277 6843 63
10164 1 3057 2159 3220 2355 50
10165 3 289 1409 502 1615 24
10166 3 6583 481 6818 669 195
10167 3 7634 2683 7795 2895 105
10168 3 5959 5878 6109 6052 91
10169 1 5182 5759 5391 5883 87
10170 3 4377 9733 4497 9892 172
10171 3 9565 3369 9755 3561 10
10172 2 649 8236 814 8392 45
10173 1 9125 2263 9361 2468 196
10174 1 560 1333 780 1503 97
10175 1 9534 2539 9719 2736 59
10176 3 6642 6410 6791 6594 151
10177 3 1818 8992 2031 9227 93
10178 2 6571 211 6701 336 93
10179 3 9261 7075 9461 7255 96
10180 1 6140 1304 6373 1465 75
10181 2 2927 3453 3128 3667 41
10182 3 1401 1857 1639 2003 6
10183 3 3008 8338 3166 8525 107
10184 1 1317 913 1525 1090 16
10185 3 4246 8369 4407 8512 90
10186 2 7756 146 7957 363 182
10187 3 6035 9373 6194 9524 184
10188 3 7666 8130 7845 8332 198
10189 3 4103 5985 4267 6188 112
10190 2 625 9177 805 9332 128
10191 1 4908 2194 5101 2374 78
10192 3 5096 6329 5272 6480 93
10193 2 7956 7237 8135 7360 117
10194 3 5099 3957 5239 4114 132
10195 2 7894 3165 8084 3391 61
10196 3 1015 2325 1188 2562 114
10197 1 7237 3295 7359 3432 170
10198 2 2964 217 3172 416 141
10199 1 1803 7595 1963 7763 3
10200 3 5304 569 5502 729 145
10201 1 3646 6876 3791 7004 190
10202 2 1621 7703 1745 7896 187
10203 3 5229 8351 5462 8538 22
10204 1 6533 353 6695 489 70
10205 2 6067 9418 6250 9572 184
10206 3 8257 6811 8386 6957 97
10207 2 2712 3634 2911 3831 161
10208 1 7430 7832 7607 8047 166
10209 1 1828 2455 2012 2634 117
10210 2 4600 4052 4804 4199 61
10211 1 8661 1166 8835 1324 63
10212 1 1276 6678 1491 6801 25
10213 3 3438 7612 3671 7787 46
10214 1 925 9140 1066 9345 170
10215 1 3806 8590 3948 8752 147
10216 3 7334 5567 7456 5711 163
10217 2 1294 6270 1493 6479 94
10218 1 7908 7658 8077 7877 17
10219 2 7569 2041 7802 2165 117
10220 1 6886 2721 7109 2945 26
10221 2 4120 2181 4253 2323 30
10222 2 1678 5236 1883 5390 50
10223 3 4125 6826 4311 7002 57
10224 2 3755 4659 3935 4892 193
10225 1 7337 8150 7556 8312 150
10226 2 6399 56 6627 211 26
10227 1 2580 7579 2747 7746 160
10228 3 5090 4441 5306 4642 90
10229 2 6348 7874 6514 8000 34
10230 2 9262 6460 9498 6658 133
10231 2 1577 4108 1794 4246 57
10232 3 5901 2442 6069 2582 184
10233 3 5605 8603 5769 8730 110
10234 3 2486 8285 2707 8409 85
10235 2 1289 9474 1454 9648 121
10236 3 844 161 996 351 131
10237 3 3423 3570 3614 3804 57
10238 3 2143 3215 2300 3382 29
10239 1 4979 1447 5109 1657 18
10240 3 108 2665 257 2788 86
10241 1 5673 1381 5893 1572 166
10242 1 3886 6167 4032 6354 166
10243 2 6907 8097 7094 8221 51
10244 2 497 4039 692 4244 100
10245 3 5134 2010 5358 2194 42
10246 2 9111 2892 9283 3062 123
10247 3 2450 3129 2600 3340 15
10248 2 507 7620 660 7792 88
10249 2 7644 1433 7820 1569 100
10250 1 5460 5023 5690 5237 141
10251 2 8658 6945 8789 7089 151
10252 2 6506 2587 6740 2814 9
10253 2 6773 7679 6960 7819 52
10254 1 6877 9676 7018 9898 72
10255 2 7455 5098 7591 5259 61
10256 2 8912 2507 9045 2684 184
10257 2 4790 9131 4939 9310 117
10258 1 6341 7721 6539 7847 65
10259 1 6930 4454 7118 4692 186
10260 2 5436 6411 5670 6639 148
10261 1 5028 7291 5246 7436 91
10262 3 8545 7184 8701 7402 115
10263 2 1139 3505 1279 3632 134
10264 3 4329 9327 4564 9452 93
10265 3 1999 2243 2146 2469 120
10266 3 7500 2500 7674 2656 47
10267 1 2812 1329 3020 1458 151
10268 3 9464 6046 9610 6258 47
10269 1 1991 7137 2167 7344 73
10270 1 3419 1290 3617 1450 26
10271 2 4529 2449 4756 2592 165
10272 1 8064 5690 8260 5884 157
10273 1 2614 6941 2760 7082 103
10274 2 3812 8153 4003 8317 80
10275 2 6390 6379 6550 6564 59
10276 2 7443 6271 7581 6421 133
10277 2 9298 9266 9490 9424 113
10278 3 1659 6031 1867 6182 3
10279 2 2168 3176 2405 3320 97
10280 1 7682 1196 7803 1353 115
10281 3 3031 7709 3231 7901 135
10282 1 2386 5038 2518 5228 188
10283 3 5072 1697 5297 1864 99
10284 1 4721 5970 4884 6122 12
10285 1 4327 2135 4539 2288 187
10286 2 1445 7008 1589 7234 104
10287 3 7523 5187 7670 5394 131
10288 3 771 9718 904 9904 92
10289 2 5535 2468 5673 2640 71
10290 1 8458 2635 8605 2772 185
10291 1 8784 4379 8906 4616 38
10292 2 769 8347 938 8478 187
10293 2 9101 8831 9328 9014 93
10294 2 7509 5060 7679 5286 52
10295 3 1178 821 1307 972 157
10296 3 6573 5246 6752 5443 109
10297 2 3811 8297 4036 8531 178
10298 2 3536 5252 3730 5483 76
10299 1 5017 5117 5209 5290 17
10300 3 2117 3199 2339 3385 106
10301 3 3937 556 4106 784 178
10302 2 129 9306 368 9525 100
10303 2 5159 7854 5333 8064 76
10304 2 4854 8850 5020 9074 55
10305 1 4047 9473 4273 9629 129
10306 3 8916 1595 9122 1827 159
10307 3 6751 7332 6957 7559 133
10308 3 7224 5329 7390 5539 28
10309 1 5266 8886 5483 9010 6
10310 1 5626 2489 5843 2675 1
10311 2 3312 8846 3482 8977 115
10312 3 7452 3372 7654 3581 142
10313 1 1247 6954 1448 7094 129
10314 3 9166 1701 9313 1837 134
10315 3 6030 8139 6207 8294 194
10316 3 9124 3723 9355 3898 100
10317 2 6643 3262 6880 3438 48
10318 3 1440 866 1594 1086 6
10319 2 3897 3997 4032 4207 157
10320 2 7321 4337 7474 4458 68
10321 1 5704 9493 5833 9662 58
10322 1 926 9676 1078 9828 151
10323 3 193 7869 411 8005 170
10324 3 24 7340 147 7507 65
10325 2 6631 2309 6824 2493 142
10326 1 2856 6082 3002 6271 81
10327 2 9720 1914 9909 2049 46
10328 2 9177 4876 9305 5088 135
10329 3 3604 450 3733 683 80
10330 3 7919 3494 8112 3707 185
10331 1 277 5756 454 5991 148
10332 3 4499 6900 4633 7025 71
10333 3 3223 5894 3360 6110 158
10334 2 6959 7237 7096 7402 89
10335 2 3920 9381 4069 9514 38
10336 1 7589 4132 7816 4322 56
10337 1 2212 167 2377 369 191
10338 3 2780 2117 2906 2318 89
10339 1 9297 2599 9466 2774 8
10340 2 6165 9592 6291 9770 67
10341 2 2994 6781 3158 7014 9
10342 2 3094 8391 3248 8564 194
10343 3 2231 5978 2445 6120 50
10344 3 4247 8196 4474 8322 101
10345 3 7324 3134 7562 3261 36
10346 1 8376 4985 8537 5151 118
10347 2 8531 4827 8678 4959 21
10348 2 7400 1752 7605 1925 199
10349 1 8306 2149 8494 2370 143
10350 3 7226 5744 7416 5958 158
10351 1 5732 8881 5891 9064 95
10352 3 3663 9017 3846 9201 76
10353 2 5615 5601 5753 5734 64
10354 1 9150 4330 9386 4505 87
10355 2 3921 4022 4153 4180 116
10356 1 4729 5115 4957 5349 34
10357 2 6468 7823 6635 7952 20
10358 2 2066 9579 2256 9751 150
10359 3 4453 4240 4616 4416 178
10360 2 9557 2592 9720 2754 2
10361 2 1814 879 1943 1070 83
10362 2 1326 5633 1487 5851 175
10363 1 5456 395 5583 591 10
10364 1 5938 7509 6108 7633 47
10365 2 6493 5925 6614 6115 30
10366 2 5618 7667 5762 7867 20
10367 1 7394 4524 7553 4760 39
10368 1 9578 2286 9699 2518 20
10369 2 8203 5341 8414 5559 127
10370 2 6845 2759 6979 2937 34
10371 2 9432 6403 9605 6549 137
10372 1 82 6124 235 6321 53
10373 3 4586 5874 4732 6082 34
10374 3 6580 1371 6746 1491 110
10375 1 8283 9714 8478 9942 19
10376 1 9411 1930 9553 2096 94
10377 3 8932 2026 9155 2203 84
10378 3 537 5756 660 5891 24
10379 1 5058 5631 5178 5785 6
10380 1 5133 271 5281 461 59
10381 2 3309 3286 3486 3416 132
10382 3 8200 3665 8347 3846 7
10383 1 7378 3097 7531 3229 132
10384 2 8221 2175 8426 2410 128
10385 2 1485 1856 1706 2094 84
10386 2 8404 1683 8555 1851 27
10387 2 5681 2211 5831 2439 151
10388 2 1380 1766 1589 1952 151
10389 3 4871 5971 5019 6153 74
10390 1 650 5475 824 5640 6
10391 3 3 2088 157 2218 120
10392 2 7537 7607 7692 7782 31
10393 2 749 7755 946 7961 51
10394 2 4393 7971 4579 8171 13
10395 3 1786 5080 1945 5208 61
10396 1 6880 3222 7045 3369 20
10397 1 1811 4776 2006 4905 160
10398 2 4696 5560 4882 5771 54
10399 2 1007 6131 1209 6304 129
10400 2 1468 2251 1662 2450 60
10401 1 6879 8145 7087 8279 172
10402 2 1217 7497 1438 7729 199
10403 3 5506 2420 5646 2616 140
10404 2 3583 576 3723 773 174
10405 1 5772 9253 5993 9389 148
10406 2 5213 4566 5449 4757 166
10407 2 2341 5986 2553 6174 31
10408 1 2091 6560 2330 6786 59
10409 2 8868 6819 9060 6994 62
10410 1 8696 7007 8874 7228 46
10411 3 4326 1508 4482 1665 195
10412 3 2677 6968 2831 7127 7
10413 2 3407 795 3575 933 127
10414 2 5909 7488 6088 7676 145
10415 2 616 5006 736 5189 123
10416 3 6630 3549 6781 3720 186
10417 2 7327 654 7491 839 140
10418 3 6830 6904 7001 7078 67
10419 2 2038 2284 2246 2471 189
10420 3 314 576 533 725 199
10421 3 1385 5211 1538 5380 41
10422 1 8310 2897 8498 3090 3
10423 3 6338 7934 6566 8110 53
10424 1 789 877 1007 1003 178
10425 1 7213 8173 7375 8316 1
10426 2 7501 2725 7693 2881 195
10427 3 7267 4392 7494 4628 195
10428 3 8260 4657 8489 4780 175
10429 1 143 4145 278 4308 68
10430 2 7887 4748 8104 4890 54
10431 3 9523 7684 9660 7891 114
10432 2 5577 182 5810 420 21
10433 1 497 2016 655 2178 115
10434 1 4577 5064 4752 5199 65
10435 1 8163 1402 8336 1552 151
10436 1 6891 8954 7067 9081 196
10437 1 1659 7849 1842 7975 68
10438 2 2396 6909 2536 7147 197
10439 3 2894 7123 3086 7286 51
10440 2 9014 1775 9225 1982 35
10441 1 897 5914 1130 6126 8
10442 2 6962 1048 7192 1247 21
10443 1 693 8282 912 8419 117
10444 2 8486 7488 8700 7706 199
10445 3 4790 3149 5022 3329 176
10446 3 4416 5128 4615 5365 70
10447 3 3263 1490 3420 1678 27
10448 3 6527 4458 6762 4636 5
10449 1 3730 1167 3894 1293 178
10450 3 7338 8614 7549 8851 130
10451 2 7352 7020 7481 7150 130
10452 2 4665 7223 4832 7462 52
10453 1 5597 7248 5822 7470 132
10454 1 6623 5007 6839 5213 193
10455 1 5818 3203 5971 3399 39
10456 2 9388 5300 9547 5530 182
10457 1 1779 5061 1947 5221 57
10458 3 2660 8696 2826 8935 178
10459 3 1812 59 1984 291 146
10460 3 2642 9576 2855 9772 33
10461 1 7733 4964 7909 5154 24
10462 3 250 9731 403 9930 33
10463 1 5156 5839 5295 6023 168
10464 2 1072 167 1264 337 148
10465 3 2458 6899 2618 7062 80
10466 2 5036 5049 5216 5254 33
10467 1 733 6191 909 6325 185
10468 1 3232 8225 3440 8370 171
10469 2 7679 4462 7890 4666 152
10470 3 5873 1235 6104 1387 62
10471 2 3988 4361 4117 4530 137
10472 2 9091 7160 9262 7294 72
10473 1 9057 1919 9265 2119 9
10474 1 4721 1359 4880 1529 109
10475 1 5457 1658 5603 1896 132
10476 3 3397 3312 3597 3483 136
10477 3 4281 2728 4463 2933 170
10478 1 2148 7947 2294 8114 45
10479 2 1951 5678 2104 5806 187
10480 2 5820 5136 5965 5323 119
10481 3 3401 509 3589 699 18
10482 3 1395 9442 1606 9637 128
10483 2 4011 8463 4151 8623 127
10484 3 3139 9273 3326 9435 105
10485 3 2548 997 2684 1172 79
10486 1 516 6508 747 6712 47
10487 3 8522 1929 8673 2157 60
10488 3 8715 3587 8929 3708 147
10489 3 1844 5575 2036 5767 88
10490 2 8870 4087 9046 4299 161
10491 3 5799 3575 5949 3785 145
10492 2 9339 5678 9566 5884 150
10493 1 5332 6803 5498 6987 89
10494 2 1627 7772 1762 7929 66
10495 1 3028 8327 3180 8519 110
10496 3 2965 1639 3140 1857 6
10497 2 8875 8357 9027 8533 74
10498 3 4889 5383 5081 5614 72
10499 3 6228 4385 6408 4564 76
10500 2 7920 5319 8099 5532 37
10501 3 6232 8875 6363 9094 164
10502 2 8692 830 8858 1006 2
10503 3 1609 6624 1757 6744 14
10504 2 6444 6479 6596 6604 152
10505 3 7237 9247 7414 9437 19
10506 1 5289 2458 5474 2674 73
10507 3 8498 8301 8704 8520 190
10508 3 8258 4204 8387 4382 77
10509 1 469 1310 660 1454 70
10510 1 3429 8255 3613 8381 150
10511 3 2646 8453 2772 8686 70
10512 2 2847 4525 2981 4696 12
10513 2 3721 8711 3946 8900 17
10514 1 9372 171 9513 357 78
10515 2 672 3195 835 3316 37
10516 1 1273 9619 1394 9824 173
10517 1 6056 4828 6202 5040 62
10518 3 8147 761 8333 914 12
10519 3 6786 8404 6981 8552 106
10520 3 2150 6165 2288 6311 0
10521 2 5565 2709 5801 2891 101
10522 2 9251 7856 9379 8058 52
10523 1 9272 9194 9396 9372 107
10524 1 9689 4613 9928 4789 33
10525 2 1114 5711 1325 5882 86
10526 3 6931 702 7167 827 64
10527 3 9300 8954 9471 9123 29
10528 1 6623 2668 6807 2822 195
10529 1 4721 4972 4856 5199 63
10530 2 3878 6870 4049 6996 190
10531 3 5825 2279 5974 2412 166
10532 3 6133 8239 6365 8454 105
10533 1 9652 6710 9855 6841 166
10534 1 7878 6873 8006 7094 100
10535 3 9152 7375 9387 7584 159
10536 1 1206 7866 1396 7990 173
10537 1 8569 7509 8784 7742 175
10538 1 4307 7768 4447 7985 194
10539 2 1816 9701 1976 9922 105
10540 2 6799 274 6960 454 20
10541 2 9016 8191 9143 8371 88
10542 3 3184 6647 3338 6809 192
10543 2 5380 9183 5578 9375 12
10544 1 9502 6905 9685 7071 101
10545 1 1361 8847 1489 9042 14
10546 1 3035 9601 3170 9787 166
10547 3 2400 7831 2593 8004 75
10548 2 6566 6719 6753 6906 199
10549 2 1709 9517 1849 9653 11
10550 1 1938 1035 2080 1228 22
10551 1 9303 8872 9424 9057 100
10552 2 8611 9276 8812 9419 132
10553 3 6628 9644 6781 9871 166
10554 1 200 3793 429 3996 52
10555 3 2139 1472 2308 1681 45
10556 1 5875 6813 6016 6940 6
10557 1 6858 7793 7076 8032 9
10558 1 7690 1649 7812 1824 96
10559 1 5854 4305 6079 4502 51
10560 2 396 4965 559 5094 57
10561 1 8786 4408 8922 4623 82
10562 2 2599 5391 2779 5630 17
10563 2 7256 9309 7448 9481 77
10564 1 1596 7781 1773 8014 76
10565 3 1250 3261 1412 3496 16
10566 1 8654 7764 8783 7948 23
10567 1 1223 1776 1434 1998 162
10568 3 6634 7962 6837 8159 169
10569 2 8507 5980 8640 6114 24
10570 1 2066 2720 2196 2873 170
10571 2 3129 4043 3315 4279 165
10572 1 3367 7828 3591 7971 85
10573 3 2487 477 2616 650 89
10574 2 4984 2443 5217 2681 129
10575 1 2599 4151 2736 4365 121
10576 1 9032 2795 9253 3033 180
10577 2 7425 9161 7548 9376 29
10578 3 3765 5840 3990 6048 9
10579 3 4272 521 4419 717 19
10580 2 9348 5687 9469 5916 126
10581 3 597 3802 746 3997 73
10582 1 7272 2912 7413 3105 114
10583 3 3359 1531 3483 1718 103
10584 2 3472 2694 3683 2840 52
10585 2 5025 8330 5257 8487 126
10586 1 4298 8978 4438 9112 19
10587 2 1546 5231 1714 5443 68
10588 1 7402 4454 7568 4673 105
10589 2 3290 47 3513 284 120
10590 1 1383 2100 1547 2312 106
10591 3 8229 2010 8390 2210 78
10592 1 4783 9622 4910 9838 185
10593 1 1073 4872 1193 4999 144
10594 2 9116 3488 9236 3656 196
10595 3 9514 9310 9742 9495 172
10596 1 8003 4632 8135 4841 122
10597 2 7717 5977 7896 6148 35
10598 1 6368 60 6507 253 20
10599 2 8985 1149 9193 1273 138
10600 2 6956 5938 7163 6107 23
10601 2 9751 7873 9901 7995 185
10602 2 7925 2857 8120 3093 145
10603 3 5432 6702 5563 6921 52
10604 1 4198 6565 4323 6773 128
10605 2 6426 6327 6588 6468 167
10606 3 6534 7857 6702 8076 196
10607 1 632 2078 754 2236 87
10608 2 5683 2873 5893 3042 127
10609 3 1029 5731 1241 5899 29
10610 1 3893 5232 4123 5383 177
10611 2 7507 4018 7684 4210 82
10612 3 2390 4412 2549 4534 131
10613 2 1131 9528 1322 9687 6
10614 3 137 2512 358 2654 128
10615 3 1430 993 1568 1132 56
10616 3 3039 526 3212 647 135
10617 1 5630 5559 5764 5735 94
10618 1 9070 4105 9306 4256 133
10619 1 5344 9163 5556 9283 192
10620 1 1725 729 1906 907 78
10621 2 5910 8985 6148 9151 44
10622 1 9507 2927 9636 3086 95
10623 3 7584 4259 7818 4414 75
10624 1 5987 657 6193 864 77
10625 1 2173 8303 2385 8471 121
10626 1 7579 5411 7780 5630 91
10627 1 4941 7735 5099 7917 90
10628 2 5829 8065 6024 8222 196
10629 2 8300 7351 8432 7493 37
10630 1 2037 8179 2159 8390 147
10631 1 3865 6849 4096 7040 189
10632 1 9623 7893 9860 8059 125
10633 1 5001 1832 5224 2027 93
10634 1 5089 8155 5242 8353 183
10635 3 2962 7217 3164 7339 32
10636 2 4336 5935 4545 6160 110
10637 1 6705 1158 6871 1280 15
10638 3 504 951 697 1157 138
10639 2 6555 5569 6696 5707 14
10640 2 1298 1195 1522 1376 102
10641 3 5407 2665 5641 2835 84
10642 2 3554 5358 3710 5512 43
10643 1 4603 1267 4729 1473 76
10644 2 4046 9394 4232 9628 11
10645 1 9745 8170 9937 8343 57
10646 3 7947 4680 8104 4849 140
10647 3 237 6691 473 6878 104
10648 2 5755 8520 5897 8665 2
10649 2 933 2032 1075 2257 196
10650 2 5252 2577 5390 2752 101
10651 1 4613 6449 4829 6614 150
10652 2 8638 903 8820 1031 149
10653 1 3759 4497 3991 4674 66
10654 3 8835 8657 9045 8812 96
10655 2 8721 7594 8867 7817 62
10656 2 8743 9208 8976 9356 140
10657 3 7190 2000 7386 2207 165
10658 2 2144 8369 2328 8556 49
10659 1 6762 5449 6887 5574 69
10660 2 6174 8193 6382 8390 65
10661 2 1554 2519 1718 2748 125
10662 3 2943 9627 3083 9767 97
10663 1 8306 7347 8496 7578 3
10664 2 4596 1959 4805 2188 94
10665 1 8446 4369 8569 4569 139
10666 3 4615 7445 4744 7641 41
10667 1 5995 7772 6160 8008 105
10668 3 9563 9153 9690 9285 198
10669 2 2467 4182 2679 4409 116
10670 2 30 4720 234 4894 148
10671 3 5771 2106 5917 2264 198
10672 1 1484 5825 1658 6053 51
10673 3 8178 9389 8348 9524 145
10674 3 5645 7251 5799 7380 147
10675 3 2547 8698 2762 8821 198
10676 3 1347 8896 1560 9054 0
10677 2 6450 4981 6681 5128 49
10678 1 7793 8439 7947 8637 161
10679 3 8046 9370 8187 9563 103
10680 2 1585 6071 1807 6241 191
10681 1 5841 3056 6050 3276 20
10682 3 8537 4215 8662 4369 120
10683 2 2289 1490 2445 1643 119
10684 2 7016 4948 7229 5125 184
10685 2 7484 7028 7629 7180 3
10686 3 6730 1865 6871 2083 63
10687 1 6894 2399 7080 2520 104
10688 1 5574 8484 5800 8686 139
10689 1 2150 502 2377 661 128
10690 1 5713 3458 5942 3606 175
10691 2 8635 6851 8808 7048 182
10692 1 6706 9291 6880 9529 60
10693 1 4777 8188 4975 8338 21
10694 3 401 7244 637 7416 76
10695 3 5522 5593 5734 5731 181
10696 3 1357 14 1593 140 133
10697 3 8119 3409 8320 3638 129
10698 3 4813 7734 4986 7943 105
10699 2 6673 9661 6855 9875 123
10700 3 24 567 160 787 137
10701 2 8223 9146 8459 9297 178
10702 3 8313 4354 8538 4510 157
10703 2 5348 4563 5529 4783 149
10704 2 76 2798 211 2958 111
10705 2 1292 4007 1464 4177 145
10706 3 695 1056 921 1234 132
10707 2 5134 7030 5311 7209 25
10708 2 1756 4465 1950 4593 198
10709 1 2437 4664 2666 4887 28
10710 2 3730 6182 3872 6317 22
10711 2 1169 2584 1367 2790 101
10712 1 5220 2497 5341 2726 82
10713 2 8641 903 8823 1047 93
10714 1 2132 3952 2324 4185 132
10715 2 9162 6582 9371 6774 58
10716 2 3402 3942 3623 4067 66
10717 3 6188 108 6409 249 98
10718 2 3413 363 3559 562 48
10719 1 1667 9480 1837 9678 42
10720 1 4233 7474 4376 7693 48
10721 2 3132 8785 3307 8936 40
10722 1 7688 2049 7816 2243 110
10723 1 41 4276 205 4441 24
10724 2 1507 9080 1636 9207 22
10725 1 4100 8145 4298 8378 92
10726 1 1726 9102 1930 9255 152
10727 1 3950 4709 4084 4929 49
10728 3 8988 6468 9141 6624 186
10729 3 1040 1024 1203 1212 153
10730 2 716 8123 908 8326 94
10731 3 541 7355 769 7508 90
10732 3 6445 9185 6681 9371 172
10733 2 6319 3915 6550 4091 112
10734 2 5280 978 5436 1205 27
10735 3 5495 6270 5707 6471 182
10736 3 9087 7242 9260 7453 116
10737 2 7139 9723 7269 9873 65
10738 2 6506 2392 6717 2626 51
10739 1 9665 715 9813 858 61
10740 3 9073 660 9196 786 2
10741 1 599 65 739 257 189
10742 1 4407 5233 4533 5405 165
10743 2 4958 8995 5170 9138 4
10744 3 7756 8574 7943 8696 3
10745 3 5712 112 5934 254 33
10746 3 5903 3151 6036 3355 110
10747 3 4753 1280 4944 1465 162
10748 1 8114 7666 8320 7837 151
10749 1 3604 8142 3783 8346 81
10750 3 6344 1609 6525 1840 113
10751 1 937 6295 1142 6422 181
10752 2 1884 8013 2007 8199 37
10753 3 4303 698 4539 888 62
10754 2 1182 7403 1385 7550 39
10755 3 5059 7465 5209 7675 178
10756 1 4696 6363 4906 6507 117
10757 1 6301 2211 6470 2363 4
10758 3 810 1207 946 1357 48
10759 3 8116 2166 8239 2382 53
10760 2 6491 4035 6675 4166 183
10761 2 9671 9025 9809 9164 24
10762 2 4218 905 4354 1064 0
10763 2 7978 7528 8136 7731 168
10764 1 751 8272 878 8392 94
10765 3 173 6380 392 6563 168
10766 2 6255 3811 6383 4007 23
10767 3 9520 8432 9706 8616 12
10768 1 5655 1349 5874 1480 12
10769 2 2548 180 2681 396 118
10770 3 418 3799 559 3998 91
10771 1 4968 5951 5119 6127 88
10772 1 2527 1583 2739 1789 163
10773 2 2442 7293 2647 7517 145
10774 3 1938 35 2109 219 18
10775 2 3399 1472 3535 1667 4
10776 3 561 3407 704 3553 58
10777 1 5067 7860 5248 8084 179
10778 2 5340 4599 5476 4798 18
10779 1 7668 8221 7809 8370 24
10780 2 5794 851 5955 1063 178
10781 3 7296 912 7529 1052 181
10782 3 6603 2424 6841 2561 79
10783 1 4744 790 4959 939 6
10784 3 3054 7285 3202 7493 196
10785 3 2010 7974 2191 8160 10
10786 3 4418 4589 4615 4787 134
10787 3 2525 6159 2740 6344 62
10788 1 8541 9004 8685 9130 111
10789 2 6026 312 6203 456 21
10790 3 3122 7375 3341 7511 79
10791 2 2369 8728 2503 8881 61
10792 1 3004 4870 3228 5095 49
10793 2 1691 2507 1930 2745 96
10794 3 3637 1860 3790 2073 7
10795 1 9144 3649 9277 3876 143
10796 3 6657 559 6836 773 3
10797 3 8518 2792 8653 3011 142
10798 2 8483 6958 8713 7145 128
10799 2 2224 2714 2365 2943 66
10800 1 1805 4077 1994 4235 100
10801 3 190 6418 414 6609 109
10802 1 6273 8843 6437 9047 91
10803 1 4675 565 4822 685 50
10804 1 3801 3130 3985 3266 140
10805 2 8482 730 8705 968 156
10806 2 5172 2973 5380 3188 76
10807 3 2152 9012 2298 9177 1
10808 1 4037 8455 4211 8636 112
10809 1 765 1294 995 1414 147
10810 3 9095 3647 9230 3790 108
10811 2 8298 7918 8472 8133 164
10812 2 1704 796 1897 945 3
10813 3 1090 6969 1233 7183 185
10814 2 725 8661 913 8835 54
10815 2 4110 7687 4285 7884 194
10816 3 2583 7948 2773 8070 115
10817 3 8704 6922 8913 7109 26
10818 2 4606 2510 4799 2731 179
10819 1 1717 6842 1906 6971 59
10820 1 9087 4067 9217 4295 167
10821 3 8430 6691 8586 6826 15
10822 1 4022 4463 4158 4693 6
10823 1 1646 1089 1791 1256 72
10824 1 237 5114 387 5248 23
10825 1 7369 2985 7519 3145 4
10826 3 5188 6488 5382 6703 67
10827 1 2856 2892 3025 3026 80
10828 2 2 1117 135 1253 97
10829 1 6055 7867 6280 8044 79
10830 2 4617 4841 4829 4989 78
10831 3 836 3137 1019 3350 107
10832 1 7639 5179 7814 5380 162
10833 2 4110 1597 4309 1719 182
10834 1 4116 5418 4251 5579 129
10835 2 8662 1412 8858 1582 2
10836 1 7084 7646 7251 7884 79
10837 1 6094 5743 6220 5934 76
10838 3 837 8443 1065 8643 176
10839 3 489 3682 637 3863 151
10840 1 5159 7393 5308 7559 79
10841 1 1029 5219 1186 5441 71
10842 2 1699 9564 1839 9720 6
10843 1 5164 7376 5287 7530 139
10844 1 8775 4510 8983 4652 112
10845 2 283 3860 492 4060 165
10846 3 1437 1970 1613 2197 10
10847 1 2741 9587 2972 9722 159
10848 2 3272 5002 3422 5148 89
10849 1 5247 9276 5447 9405 155
10850 1 9236 1472 9411 1593 170
10851 3 5242 5611 5453 5790 22
10852 1 1287 6062 1524 6285 51
10853 2 5797 9714 6005 9886 58
10854 2 4500 9478 4650 9676 19
10855 3 63 9417 284 9651 58
10856 2 7071 7929 7299 8082 26
10857 1 2653 724 2880 886 197
10858 1 1024 6364 1151 6555 144
10859 3 3975 4771 4179 5002 41
10860 2 7118 5583 7329 5791 189
10861 1 3080 8872 3243 9080 32
10862 3 4333 8124 4465 8333 171
10863 3 8845 4586 9058 4816 144
10864 1 8090 2672 8213 2895 89
10865 3 959 5353 1097 5549 84
10866 3 8736 4024 8870 4248 163
10867 1 2523 3075 2660 3270 175
10868 3 2954 7756 3160 7962 153
10869 3 2286 7163 2487 7303 95
10870 3 833 2842 1059 3039 24
10871 1 5542 5028 5752 5199 56
10872 1 4528 2163 4766 2297 116
10873 1 2478 8476 2647 8628 168
10874 1 4639 6391 4770 6585 110
10875 1 4108 2593 4278 2777 39
10876 1 8730 1865 8953 2028 129
10877 2 8447 8468 8578 8609 189
10878 1 658 4093 817 4213 6
10879 2 5428 2886 5639 3109 74
10880 3 4223 3621 4418 3782 105
10881 3 5079 7590 5291 7744 132
10882 3 1612 7963 1751 8127 34
10883 2 6973 4931 7173 5057 158
10884 3 5138 4290 5271 4473 197
10885 1 9488 7179 9651 7343 11
10886 3 1069 7216 1269 7408 193
10887 1 7826 1035 7963 1174 115
10888 3 5837 5549 6046 5701 164
10889 3 4159 7913 4389 8101 78
10890 2 1572 8223 1756 8375 37
10891 2 5322 7767 5466 7942 180
10892 3 120 6876 277 7035 142
10893 2 8077 6792 8228 6925 30
10894 1 8765 3535 8966 3771 54
10895 3 980 5667 1194 5847 151
10896 3 5359 9735 5580 9883 43
10897 2 5027 4128 5166 4308 184
10898 2 4241 4228 4479 4399 165
10899 1 6976 507 7202 630 167
10900 1 5366 3900 5587 4077 98
10901 1 6912 1523 7115 1689 10
10902 2 6454 6182 6672 6320 60
10903 1 7259 814 7471 958 163
10904 2 3685 2091 3834 2223 29
10905 2 9456 7095 9618 7254 75
10906 3 5249 8815 5386 9052 39
10907 2 8999 915 9119 1066 4
10908 3 2151 3024 2345 3246 158
10909 2 4898 7544 5063 7741 1
10910 1 9233 2691 9385 2924 112
10911 2 2245 6760 2434 6908 145
10912 3 5011 538 5132 667 110
10913 2 2852 1409 3026 1533 51
10914 1 5601 8984 5806 9150 111
10915 1 3209 6188 3393 6414 120
10916 2 8022 3717 8225 3866 14
10917 1 7310 9386 7473 9516 186
10918 1 1501 5060 1669 5251 86
10919 2 2318 5371 2500 5498 94
10920 1 4691 2260 4862 2382 6
10921 1 8356 8130 8550 8321 156
10922 3 3761 9293 3914 9444 157
10923 2 2653 2653 2881 2821 166
10924 3 6236 6435 6418 6617 86
10925 2 8001 455 8144 601 110
10926 3 5977 2770 6127 2897 149
10927 2 4157 6130 4380 6354 23
10928 2 1089 6653 1242 6847 28
10929 2 4199 214 4366 408 158
10930 2 2233 5324 2365 5490 170
10931 3 2283 8383 2455 8515 184
10932 3 1822 6161 1974 6292 148
10933 3 2027 4191 2254 4345 111
10934 3 8970 3049 9204 3225 38
10935 2 7828 1622 7953 1792 103
10936 1 8272 4603 8444 4733 130
10937 3 7703 1781 7917 2009 116
10938 3 9206 7335 9425 7485 57
10939 2 550 6351 708 6575 123
10940 1 7650 7706 7823 7866 58
10941 3 3031 4523 3200 4705 32
10942 2 7151 7647 7272 7882 110
10943 2 9172 9411 9400 9539 135
10944 3 110 4156 302 4297 93
10945 3 8010 5602 8245 5782 110
10946 2 8261 5954 8443 6160 146
10947 2 4823 6823 4964 7052 26
10948 2 3806 5648 4020 5877 108
10949 2 2492 4092 2638 4318 1
10950 3 8608 5022 8822 5216 15
10951 3 5376 1016 5509 1243 44
10952 1 9564 767 9778 984 16
10953 3 79 1783 210 2020 41
10954 1 8304 4832 8424 5054 165
10955 1 6427 4820 6663 4949 13
10956 1 8016 7583 8244 7776 77
10957 2 702 2479 940 2606 58
10958 1 7368 6553 7537 6701 60
10959 3 4662 9758 4890 9918 69
10960 2 6922 1267 7043 1455 148
10961 1 524 2416 659 2597 14
10962 2 548 1925 739 2140 67
10963 1 6538 4831 6742 4960 46
10964 1 8740 8247 8927 8430 114
10965 1 7588 9351 7814 9533 152
10966 2 6228 1016 6456 1231 32
10967 1 4733 9108 4920 9290 0
10968 2 4217 5020 4426 5258 32
10969 2 243 3655 452 3856 172
10970 1 8906 257 9081 487 160
10971 3 4008 8956 4140 9084 105
10972 2 5583 8512 5775 8656 24
10973 3 3724 9042 3909 9207 50
10974 1 9601 1110 9816 1289 25
10975 1 6485 4925 6702 5120 134
10976 2 1300 9640 1505 9806 35
10977 1 8615 849 8847 1083 136
10978 3 7735 9455 7959 9640 41
10979 3 6835 2088 7049 2281 125
10980 1 8652 5329 8873 5556 49
10981 2 9192 8194 9314 8346 169
10982 3 8913 6756 9147 6923 43
10983 3 3259 8767 3492 8895 28
10984 1 7558 4526 7736 4694 140
10985 3 5249 1184 5404 1362 108
10986 3 3551 4488 3699 4673 23
10987 2 3182 3520 3385 3678 101
10988 2 1626 9647 1810 9817 115
10989 3 1094 8336 1306 8559 54
10990 2 1135 4681 1286 4819 116
10991 1 3910 2012 4128 2170 8
10992 3 1718 2938 1912 3087 26
10993 1 5441 9690 5616 9867 87
10994 3 3896 6400 4117 6605 161
10995 2 2506 4572 2673 4709 14
10996 3 424 4317 646 4513 159
10997 3 554 5987 773 6198 83
10998 3 3176 7201 3320 7327 73
10999 1 5500 2236 5670 2444 155
11000 2 1178 3939 1370 4164 11
