1 10942 1249 1833
2 10209 1431 5864
3 10633 2095 5280
4 10582 7271 8213
5 10392 7047 2567
6 10525 2805 3701
7 10975 4380 6858
8 10287 7539 8581
9 10236 5465 3987
10 10043 1066 2796
11 10418 6650 4327
12 10681 7192 9568
13 10002 2462 7214
14 10670 6739 5036
15 10145 2116 4315
16 10834 8073 1511
17 10008 2006 6172
18 10262 9354 4173
19 10763 4439 4783
20 10496 3870 1431
21 10152 2084 6619
22 10581 2079 630
23 10999 949 1815
24 10287 5024 3209
25 10121 3968 8083
26 10726 3088 7274
27 10580 6226 8544
28 10497 9195 5808
29 10805 1622 3546
30 10530 8454 5492
31 10392 1071 9188
32 10273 422 7616
33 10240 1629 2088
34 10718 7357 1601
35 10539 3535 8532
36 10593 1458 3998
37 10582 4530 7809
38 10915 5786 6281
39 10642 1032 2768
40 10585 546 2462
41 10018 5473 4996
42 10198 8221 3658
43 10117 6958 773
44 10555 616 1490
45 10422 3334 1246
46 10208 5809 636
47 10508 510 247
48 10477 5775 6300
49 10728 512 6722
50 10501 342 2474
51 10610 8785 4368
52 10718 4437 7919
53 10126 1690 3016
54 10500 6895 3532
55 10210 9624 8382
56 10450 6759 6244
57 10369 114 7193
58 10795 6659 4127
59 10509 7399 4319
60 10914 3366 1286
61 10615 147 8423
62 10738 344 1484
63 10409 893 7158
64 10916 3500 1115
65 10999 4710 66
66 10027 1240 9119
67 10303 4409 3720
68 10295 8251 232
69 10583 3840 1018
70 10717 4577 4652
71 10768 565 2969
72 10655 9596 4020
73 10783 7578 8534
74 10699 2098 9683
75 10536 2320 2978
76 10319 5818 8193
77 10273 5188 4029
78 10105 6522 858
79 10102 7684 5223
80 10690 1129 3214
81 10660 7817 9087
82 10697 3002 4517
83 10189 8476 2546
84 10825 4679 7407
85 10417 2389 526
86 10625 2766 2943
87 10060 3015 3709
88 10166 836 4327
89 10533 6998 9404
90 10848 1055 7006
91 10440 2846 5314
92 10817 2707 8889
93 10220 7342 5686
94 10160 2065 890
95 10481 1760 2070
96 10355 381 8629
97 10101 6559 6948
98 10884 895 3058
99 10270 3050 7056
100 10052 2403 4212
101 10390 77 65
102 10535 -56 -65
103 10042 77 53
104 10434 -64 -96
105 10639 91 78
106 10882 -9 -22
107 10990 80 11
108 10147 -61 -60
109 10701 82 89
110 10866 -79 -9
111 10635 18 16
112 10670 -35 -75
113 10076 83 7
114 10001 -49 -22
115 10823 55 62
116 10072 -9 -14
117 10239 26 1
118 10012 -2 -48
119 10826 39 13
120 10073 -57 -35
121 10522 90 40
122 10466 -25 -72
123 10335 18 61
124 10419 -72 -17
125 10841 64 34
126 10108 -36 -81
127 10356 39 53
128 10326 -3 -48
129 10594 53 92
130 10918 -86 -38
131 10178 96 3
132 10870 0 -93
133 10119 94 11
134 10949 -74 -79
135 10324 37 26
136 10201 -19 -75
137 10053 57 29
138 10640 -30 -18
139 10578 78 2
140 10417 -98 -66
141 10337 69 91
142 10603 -74 -67
143 10788 41 29
144 10704 -12 -27
145 10440 41 43
146 10688 -45 -69
147 10131 97 23
148 10539 -81 -94
149 10456 31 7
150 10786 -87 -27
151 10852 16 62
152 10601 -18 -75
153 10813 91 64
154 10011 -65 -30
155 10245 88 74
156 10382 -8 -29
157 10263 9 40
158 10438 -38 -38
159 10483 24 0
160 10608 -44 -21
161 10706 85 72
162 10193 -94 -56
163 10756 85 98
164 10008 -61 -8
165 10936 94 91
166 10747 -57 -61
167 10128 21 85
168 10327 -61 -55
169 10515 16 81
170 10480 -39 -55
171 10244 22 25
172 10655 -61 -16
173 10608 12 57
174 10730 -33 -68
175 10408 95 43
176 10373 -69 -72
177 10099 94 29
178 10334 -13 -69
179 10286 92 88
180 10022 -36 -83
181 10116 48 91
182 10349 -82 -37
183 10284 3 77
184 10432 -79 -91
185 10276 1 62
186 10692 -48 -46
187 10605 7 74
188 10200 -44 -34
189 10802 44 79
190 10941 -35 -42
191 10321 9 90
192 10525 -9 -17
193 10987 14 17
194 10950 -81 -69
195 10214 5 96
196 10939 -28 -43
197 10175 16 70
198 10321 -72 -23
199 10948 86 5
200 10967 -59 -53
201 10684 84 40
202 10803 -36 -98
203 10008 41 60
204 10004 -99 -69
205 10636 9 77
206 10371 -45 -64
207 10972 86 35
208 10892 -60 -95
209 10162 64 22
210 10299 -50 -27
211 10779 27 42
212 10938 -63 -11
213 10321 21 59
214 10547 -37 -97
215 10255 97 18
216 10309 -84 -58
217 10288 35 21
218 10074 -63 -92
219 10070 9 93
220 10672 -65 -64
221 10944 76 52
222 10424 -60 -98
223 10378 35 12
224 10766 -27 -49
225 10815 81 26
226 10697 -10 -44
227 10332 31 72
228 10278 -76 -21
229 10008 89 49
230 10691 -40 -86
231 10145 83 67
232 10653 -81 -55
233 10014 96 54
234 10743 -98 -80
235 10712 27 8
236 10146 -85 -20
237 10393 84 2
238 10734 -75 -9
239 10701 65 28
240 10097 -16 -90
241 10538 46 87
242 10003 -50 -36
243 10486 66 79
244 10764 -18 -91
245 10292 30 41
246 10759 -65 -34
247 10177 63 29
248 10850 -89 -56
249 10852 22 56
250 10019 -22 -91
251 10267 30 71
252 10744 -36 -27
253 10718 70 1
254 10962 -49 -79
255 10337 80 57
256 10235 -43 -33
257 10959 62 88
258 10955 -83 -71
259 10019 29 91
260 10900 -2 -6
261 10914 82 92
262 10771 -4 -28
263 10147 28 71
264 10105 -80 -47
265 10660 72 87
266 10526 -82 -61
267 10302 2 2
268 10157 -77 -92
269 10312 71 99
270 10094 -65 -4
271 10873 11 73
272 10357 -63 -37
273 10030 59 5
274 10062 -98 -62
275 10609 32 98
276 10064 -41 -5
277 10716 66 15
278 10258 -98 -56
279 10593 68 71
280 10455 -60 -10
281 10338 57 58
282 10647 -42 -51
283 10168 84 26
284 10850 -55 -93
285 10858 2 56
286 10964 -49 -28
287 10451 61 28
288 10626 -55 -88
289 10303 53 39
290 10648 -26 -42
291 10989 38 70
292 10239 -16 -57
293 10995 41 22
294 10873 -70 -65
295 10796 40 66
296 10928 -55 -17
297 10477 88 9
298 10485 -5 -48
299 10897 84 32
300 10427 -85 -17
301 10025 52 5
302 10275 -39 -81
303 10370 52 12
304 10295 -22 -74
305 10795 3 99
306 10627 -91 -15
307 10996 69 86
308 10161 -62 -97
309 10788 37 75
310 10914 -26 -81
311 10192 1 58
312 10973 -65 -31
313 10156 82 85
314 10280 -49 -68
315 10400 42 96
316 10543 -22 -66
317 10794 10 30
318 10532 -17 -23
319 10552 15 17
320 10417 -47 -83
321 10950 81 63
322 10723 -36 -27
323 10408 30 73
324 10570 -94 -76
325 10218 9 90
326 10095 -29 -44
327 10696 20 19
328 10762 -94 -29
329 10459 55 25
330 10208 -11 -10
331 10902 49 89
332 10105 -74 -85
333 10550 40 54
334 10117 -41 -41
335 10493 83 88
336 10749 -60 -97
337 10983 35 50
338 10017 -93 -44
339 10090 53 32
340 10299 -5 -77
341 10839 7 54
342 10144 -53 -40
343 10388 86 28
344 10163 -37 -20
345 10629 62 87
346 10271 -99 -79
347 10519 22 12
348 10938 -32 -89
349 10215 19 42
350 10646 -58 -60
351 10912 98 3
352 10570 -54 -12
353 10959 70 94
354 10282 -6 -87
355 10923 40 25
356 10156 -46 -58
357 10569 98 8
358 10779 -56 -13
359 10042 36 65
360 10549 -77 -15
361 10895 38 87
362 10288 -92 -94
363 10298 15 39
364 10962 -50 -86
365 10680 33 57
366 10565 -22 -22
367 10135 48 63
368 10543 -1 -48
369 10445 98 40
370 10214 -63 -4
371 10813 4 49
372 10894 -67 -82
373 10840 63 94
374 10401 -30 -21
375 10414 91 28
376 10984 -94 -52
377 10671 80 15
378 10412 -10 -57
379 10560 54 31
380 10704 -3 -96
381 10019 67 89
382 10727 -60 -77
383 10885 8 81
384 10522 -47 -45
385 10399 22 31
386 10443 -80 -28
387 10707 57 65
388 10058 -35 -6
389 10798 43 27
390 10539 -47 -45
391 10239 8 86
392 10054 -4 -41
393 10534 49 78
394 10299 -76 -99
395 10324 47 18
396 10274 -21 -95
397 10521 34 80
398 10842 -69 -54
399 10833 31 81
400 10939 -35 -84
401 10454 82 29
402 10696 -58 -40
403 10911 36 66
404 10044 -66 -10
405 10755 45 54
406 10419 -91 -28
407 10182 36 48
408 10819 -96 -60
409 10943 61 34
410 10559 -68 -25
411 10311 36 36
412 10390 -18 -75
413 10042 17 14
414 10051 -62 -25
415 10344 86 25
416 10186 -24 -60
417 10414 78 36
418 10078 -70 -77
419 10636 27 4
420 10031 -61 -78
421 10038 7 99
422 10026 -17 -19
423 10949 30 44
424 10869 -96 -94
425 10751 53 40
426 10108 -94 -30
427 10052 71 69
428 10034 -44 -84
429 10372 0 91
430 10767 -15 -88
431 10038 86 68
432 10122 -20 -33
433 10314 8 28
434 10544 -61 -57
435 10159 22 0
436 10340 -78 -82
437 10149 65 92
438 10897 -35 -45
439 10461 12 79
440 10506 -51 -80
441 10251 29 96
442 10405 -46 -90
443 10448 90 15
444 10662 -87 -78
445 10645 94 39
446 10323 -40 -1
447 10358 68 82
448 10098 -76 -97
449 10232 63 39
450 10883 -17 -41
451 10985 85 13
452 10647 -70 -12
453 10720 6 68
454 10594 -21 -77
455 10133 27 4
456 10544 -74 -73
457 10873 55 69
458 10426 -97 -50
459 10834 52 44
460 10997 -48 -6
461 10059 60 45
462 10020 -68 -93
463 10487 71 26
464 10067 -69 -84
465 10991 8 53
466 10615 -5 -18
467 10280 39 15
468 10052 -90 -5
469 10855 34 37
470 10157 -44 -99
471 10411 14 81
472 10528 -35 -53
473 10089 38 83
474 10426 -95 -75
475 10206 92 97
476 10170 -63 -63
477 10486 11 83
478 10852 -67 -62
479 10910 29 74
480 10896 -10 -11
481 10497 80 9
482 10512 -64 -75
483 10222 71 87
484 10478 -15 -50
485 10607 62 45
486 10134 -4 -30
487 10409 84 18
488 10823 -36 -82
489 10358 10 94
490 10320 -56 -11
491 10232 98 62
492 10633 -46 -12
493 10855 50 1
494 10134 -81 -63
495 10719 65 54
496 10127 -53 -25
497 10622 29 23
498 10541 -91 -62
499 10332 53 85
500 10436 -72 -76
