10268
10313
10610
10350
10755
10394
10865
10175
10847
10964
10117
10106
10244
10357
10795
10602
10852
10109
10827
10197
10046
10497
10090
10363
10426
10508
10276
10815
10844
10609
10853
10266
10341
10054
10491
10704
10760
10942
10410
10799
10800
10929
10407
10811
10087
10339
10075
10133
10835
10921
10749
10614
10357
10971
10200
10178
10933
10422
10060
10713
10707
10314
10859
10039
10959
10202
10081
10895
10671
10392
10137
10729
10212
10189
10736
10346
10444
10195
10572
10020
10407
10660
10765
10310
10456
10197
10639
10473
10391
10586
10376
10864
10428
10730
10368
10434
10111
10355
10850
10342
10651
10056
10333
10167
10735
10203
10229
10974
10789
10658
10273
10994
10334
10678
10406
10816
10186
10181
10488
10284
10945
10153
10518
10578
10620
10676
10275
10270
10701
10688
10717
10924
10241
10513
10015
10504
10286
10557
10482
10254
10851
10574
10757
10211
10806
10456
10312
10593
10299
10257
10820
10266
10823
10705
10006
10147
10349
10234
10424
10918
10806
10953
10488
10296
10136
10418
10474
10630
10295
10894
10361
10384
10872
10238
10648
10484
10854
10606
10148
10748
10099
10634
10330
10325
10658
10205
10703
10596
10717
10405
10803
10955
10884
10625
10274
10089
10847
10457
10568
10631
10886
10115
10321
10519
10428
10600
10424
10956
10291
10674
10735
10211
10140
10825
10696
10334
10502
10473
10543
10612
10539
10847
10048
10292
10336
10949
10670
10163
10739
10438
10824
10963
10961
10006
10164
10365
10099
10939
10736
10996
10158
10499
10251
10427
10444
10399
10185
10257
10712
10858
10125
10085
10235
10047
10894
10337
10307
10783
10526
10412
10251
10226
10350
10549
10281
10983
10873
10926
10156
10411
10718
10742
10376
10930
10086
10400
10152
10078
10905
10427
10353
10630
10603
10014
10040
10496
10168
10377
10585
10832
10600
10864
10470
10456
10552
10846
10346
10356
10746
10995
10127
10700
10869
10006
10834
10762
10874
10905
10462
10854
10453
10265
10002
10313
10926
10491
10716
10752
10491
10472
10358
10456
10433
10912
10604
10389
10327
10760
10454
10985
10314
10216
10734
10612
10228
10289
10082
10911
10142
10511
10270
10600
10842
10809
10085
10410
10077
10071
10206
10561
10667
10128
10181
10674
10097
10955
10116
10227
10541
10863
10179
10620
10509
10802
10084
10620
10489
10838
10672
10584
10353
10837
10915
10469
10385
10199
10920
10177
10253
10266
10952
10585
10721
10990
10746
10485
10870
10972
10070
10624
10440
10826
10549
10879
10826
10923
10309
10783
10761
10340
10731
10711
10935
10400
10624
10084
10401
10268
10942
10872
10992
10653
10029
10371
10493
10893
10890
10654
10416
10165
10828
10689
10969
10752
10468
10691
10783
10788
10888
10595
10105
10665
10407
10264
10590
10730
10233
10354
10489
10618
10476
10513
10158
10606
10367
10009
10083
10347
10597
10154
10194
10741
10995
10238
10454
10405
10973
10641
10209
10001
10794
10306
10644
10034
10032
10641
10341
10466
10867
10433
10199
10785
10756
10851
10168
10107
10229
10792
10219
10193
10376
10161
10595
10573
10742
10439
10497
10321
10080
10956
10741
10730
10453
10755
10682
10245
10418
10088
10313
10993
