1 50321 42692 27212
2 52120 6413 18758
3 50330 48771 15514
4 52265 34167 10347
5 54675 21902 4305
6 54260 34693 33430
7 53657 39296 45477
8 54830 41389 14201
9 54733 48099 35883
10 51049 46079 44599
11 54250 6653 24191
12 53090 6237 40228
13 53210 30852 9302
14 50536 20319 11358
15 51564 32055 4870
16 50845 44000 15094
17 51176 7290 20561
18 53465 46109 37393
19 50566 46094 16557
20 52766 14002 32758
21 50645 8538 42479
22 53314 3415 16705
23 52643 3952 1729
24 50056 40804 1894
25 51197 2372 19825
26 52805 46430 41367
27 50095 4569 27820
28 54815 47016 13784
29 54775 4053 12865
30 52785 16037 7357
31 52587 45433 26744
32 50521 4311 45533
33 50857 19825 26274
34 51790 23855 19487
35 54236 8027 14143
36 50580 36683 32603
37 50062 3901 20443
38 50254 48572 11541
39 50263 40124 37416
40 54929 16938 21076
41 50090 1312 21976
42 52300 43102 36618
43 54927 47439 38391
44 50945 33441 5615
45 50836 7837 43577
46 52532 46091 27017
47 54154 37550 32272
48 52593 39903 41606
49 52352 41816 5394
50 53029 21622 13052
51 50069 40127 22293
52 52892 39361 10906
53 50562 8919 32695
54 53806 6354 11308
55 51758 28397 1906
56 53519 44194 20685
57 50924 26660 47950
58 54126 23757 27857
59 51951 18058 33349
60 54327 7491 5102
61 50614 47584 44832
62 51316 48058 47066
63 52245 35706 17693
64 52260 46664 47513
65 51786 14248 27458
66 54640 2504 3171
67 50600 28946 40124
68 54274 29200 16053
69 52864 46979 6250
70 54776 3759 37916
71 54153 29724 33249
72 54740 34556 21100
73 51534 12191 3211
74 54608 14903 10913
75 52857 11451 845
76 54949 39902 29067
77 52891 24886 542
78 54254 19719 42386
79 51554 47614 6486
80 54403 12809 19389
81 52417 29215 48434
82 54984 10506 14289
83 50392 27993 43848
84 52563 6773 21921
85 54976 28769 2582
86 53650 3888 17529
87 50300 23244 1253
88 53527 36599 14312
89 52988 20033 30103
90 50802 39383 20544
91 51108 4138 37661
92 50553 16524 45650
93 52730 22469 9445
94 51645 44492 28616
95 54584 9274 9296
96 51314 29586 43797
97 51693 25999 39325
98 54396 5185 32367
99 54606 2152 11165
100 51088 40986 14551
101 53351 9889 43858
102 52434 23802 38389
103 52895 42266 12239
104 52871 3554 43188
105 54695 36475 18295
106 52197 24983 48224
107 52466 40134 3279
108 53784 32521 26359
109 53901 39100 6174
110 50058 18935 46413
111 53149 12237 24170
112 54647 7874 22212
113 52515 40023 1295
114 53269 43104 29894
115 52396 31652 11600
116 54184 12497 13163
117 51671 42939 28507
118 54976 34034 36070
119 50247 11423 5515
120 53159 46816 47563
121 54505 3672 48623
122 51542 33515 37508
123 52837 48489 11973
124 52325 46022 34476
125 53325 7789 23870
126 53862 20082 4001
127 50997 14807 45978
128 54380 21905 26946
129 53146 22204 30595
130 50013 6251 21115
131 50493 32418 45337
132 50399 17165 32520
133 50779 43164 26552
134 52189 8144 7830
135 53502 44407 3362
136 52178 9970 10435
137 52141 8344 48530
138 54560 9431 30400
139 53991 41507 24448
140 54750 18308 8085
141 50180 35726 31994
142 53897 16422 22419
143 52629 14542 10220
144 51833 6038 17406
145 54677 40398 43272
146 51091 36686 8526
147 53658 12941 13900
148 52173 1471 46724
149 52076 40494 44118
150 54948 27496 22828
151 54385 47682 5004
152 52302 11906 19886
153 54028 4507 20064
154 52879 8134 36028
155 52535 20882 4734
156 52494 39868 34264
157 54572 35465 18041
158 52342 26665 25424
159 52743 18314 19410
160 54886 38793 12793
161 53146 3350 31114
162 50652 47597 31950
163 54790 4338 28128
164 51418 10681 22655
165 53776 13757 30957
166 51584 555 48649
167 51912 42541 22905
168 51664 15890 48261
169 53135 9705 33745
170 50856 7222 21706
171 54245 12529 7261
172 53747 22187 16261
173 51753 34842 34185
174 51633 2722 2190
175 53363 17603 40383
176 54171 23579 601
177 51022 25516 34831
178 52928 7678 24877
179 52184 38134 23264
180 52659 8620 14148
181 53405 2652 27291
182 52993 1624 33088
183 53853 5412 9374
184 50475 7169 43688
185 50773 29371 28916
186 51097 8371 16247
187 51470 16681 44962
188 51453 36112 47364
189 54363 39915 877
190 54607 35402 35681
191 50933 39679 8928
192 50175 41237 10323
193 52775 3965 23750
194 53416 462 31251
195 54932 16181 30591
196 53806 45911 2812
197 50052 7205 10374
198 53543 36167 10567
199 52086 34473 45329
200 50469 1335 40882
201 54153 37107 28263
202 50565 42794 40054
203 53503 30799 15979
204 54460 9187 3969
205 52771 46384 44139
206 53041 29271 26704
207 51526 33972 26619
208 50248 46110 15735
209 53747 48246 4148
210 52384 47178 15931
211 50159 13852 28617
212 52101 21260 32068
213 50359 11540 28216
214 54753 12762 18568
215 53199 10618 29642
216 53616 4666 21381
217 53833 41957 47882
218 50194 17128 10121
219 53864 6944 258
220 54603 47529 23496
221 51248 26649 40277
222 53002 36716 1173
223 51006 32603 34651
224 53211 19105 19371
225 51204 2857 3063
226 53799 30403 15535
227 52905 29621 43244
228 52601 42307 35789
229 50770 27037 13956
230 50144 7955 572
231 53095 38721 34640
232 52585 3404 44563
233 53759 9145 21051
234 54865 31406 33866
235 52071 38212 43936
236 50262 22645 47656
237 50986 5296 46911
238 52169 41914 13757
239 54377 23715 29635
240 54961 32854 13036
241 51674 21631 22727
242 53186 30871 42769
243 52165 47209 1201
244 51370 32931 47084
245 52823 48194 44641
246 54151 12437 17628
247 52135 13962 14853
248 54081 23362 11422
249 50939 28405 11144
250 54259 41502 42359
251 52470 26295 13834
252 51898 27740 11539
253 50101 26027 1299
254 50196 1810 5425
255 53504 37408 16988
256 54939 47366 37295
257 51954 11497 43496
258 53114 19410 9728
259 51670 12798 29011
260 52961 14937 24730
261 52796 16680 28299
262 52451 25384 30797
263 52367 5251 15337
264 51788 18753 21339
265 53027 42725 38803
266 53414 17975 48233
267 52034 26291 37848
268 54404 21820 15213
269 54570 23675 41061
270 54860 4334 182
271 52324 11510 32017
272 53376 27018 15550
273 54983 42831 14254
274 52168 5326 38343
275 54315 11747 29852
276 50631 11430 12552
277 54310 20466 43952
278 53021 24905 30597
279 53994 20931 22415
280 50658 38341 25232
281 53910 1563 43187
282 51512 12489 26868
283 51138 30085 35128
284 51370 7233 3202
285 53305 21460 29942
286 53128 16625 19606
287 54337 5825 85
288 52333 37993 28712
289 50921 26539 40106
290 51829 20402 26813
291 52327 7215 21898
292 51854 34089 18840
293 54926 33788 34048
294 50706 6125 4786
295 54769 10242 21489
296 54427 47508 29285
297 53772 14279 982
298 53569 22762 22593
299 54931 12480 45997
300 50697 9295 36487
301 52961 44572 42177
302 53255 12245 31699
303 53096 26983 24569
304 50153 378 28368
305 52984 13390 17451
306 51066 24678 36227
307 51935 22336 656
308 52839 27243 48036
309 52476 6317 31105
310 50144 14771 8921
311 52373 23171 6682
312 51564 13933 9136
313 52829 1789 36377
314 52285 46508 28012
315 53888 777 32456
316 52401 18202 1052
317 52736 46992 30453
318 52032 13108 45812
319 53081 11934 30712
320 51702 35534 25502
321 51115 44544 34430
322 53823 45551 30770
323 51165 28227 1829
324 54008 8195 27401
325 50567 11140 8199
326 54749 31405 36561
327 53410 41015 42982
328 54991 11931 8961
329 52013 20477 45854
330 50415 15794 32577
331 52720 22134 27738
332 52098 4815 44134
333 50192 14160 8207
334 50969 48262 5340
335 53992 8038 21838
336 52467 40987 26747
337 53718 5319 39147
338 53828 33795 11917
339 51817 47687 30336
340 54848 48407 10342
341 50616 37083 33144
342 54701 18092 30644
343 50906 30537 42936
344 52651 6823 14546
345 52307 15837 18267
346 52287 16894 24848
347 52740 3514 26365
348 51588 40437 18695
349 52939 22331 36659
350 50991 22278 33060
351 54904 7909 43049
352 50688 5548 45832
353 54454 32409 143
354 53144 26251 8442
355 54185 37444 31991
356 50122 34305 36930
357 51792 8085 16520
358 50377 44235 38394
359 50130 26664 36810
360 53412 21188 33834
361 50009 2489 31153
362 51996 15007 29995
363 53347 26137 47408
364 51197 5359 1603
365 51754 44660 43111
366 50456 15867 45547
367 54790 14582 16321
368 50607 45577 27865
369 50562 18349 27659
370 51026 45338 30466
371 51517 29079 1309
372 53887 41143 17906
373 51043 25768 45644
374 52162 38090 29841
375 52579 29927 345
376 52807 35506 22596
377 54904 8179 1958
378 53197 43984 34780
379 50661 14098 1415
380 51974 774 44987
381 51457 15288 22212
382 52921 40259 23037
383 52909 3236 18614
384 53479 18312 21773
385 53736 47193 38710
386 52696 29264 6459
387 52769 918 14576
388 50348 35296 45232
389 50277 37007 33691
390 50391 31387 29778
391 53645 29073 31500
392 52714 4687 31218
393 51998 35507 11970
394 53381 41442 6638
395 50473 37087 1239
396 52997 40001 11611
397 54288 29151 17642
398 54283 5173 2467
399 54025 25218 4650
400 52644 48735 4816
401 52568 5028 43323
402 53252 1023 44455
403 53524 44225 46915
404 53296 24309 24511
405 50048 25117 14545
406 51203 26695 19883
407 52364 25000 16833
408 53754 18813 19234
409 53785 37509 46796
410 51580 46967 29862
411 53425 13710 2097
412 52570 7399 21614
413 52644 27376 24322
414 53684 28333 5658
415 50866 1877 11217
416 54200 11842 23043
417 53179 47741 43438
418 52294 19839 5243
419 50852 28185 43372
420 53967 25197 11897
421 52738 37654 46339
422 54964 25898 39841
423 53969 40890 32691
424 51797 33413 20184
425 51178 3811 34329
426 54750 6652 23766
427 54922 42281 35076
428 50916 14582 33430
429 51815 9439 6124
430 53266 39688 24539
431 50432 1190 9895
432 53452 32792 17649
433 54287 41662 7592
434 51611 46860 18275
435 52244 1211 38001
436 51919 13238 15485
437 50567 4883 31813
438 51762 19162 15360
439 51196 3123 13858
440 54187 9338 42444
441 51670 10769 25674
442 50167 33532 6638
443 51898 31890 44138
444 51785 34886 22335
445 50366 14805 30142
446 52030 35551 25027
447 53194 31845 35832
448 53231 18061 45489
449 53025 23731 24182
450 52284 32128 43272
451 52763 46288 24256
452 54634 36089 48091
453 54391 13786 39137
454 54286 8144 24142
455 53406 906 45019
456 51282 17965 18912
457 50319 31645 3197
458 50943 623 7066
459 50922 27741 47701
460 51291 32363 15737
461 50147 12524 24152
462 52791 44915 36390
463 51970 12566 23427
464 50155 34063 33183
465 50514 20657 41758
466 50744 11494 35395
467 53171 45943 27831
468 53199 42710 11743
469 54381 33353 24896
470 52582 27237 23245
471 50829 8158 8636
472 51564 2042 3197
473 54424 14700 36304
474 54039 38231 22559
475 54356 17103 9098
476 50489 36486 36473
477 50937 5402 46875
478 54555 39925 40123
479 52137 14140 34332
480 51520 14223 32921
481 52908 9477 1222
482 50023 48554 41369
483 54401 3042 16543
484 51015 48196 44350
485 52676 28401 32315
486 53282 29152 11587
487 51576 11094 35140
488 52932 26937 33797
489 50230 36403 12569
490 54157 5179 13444
491 51149 22299 20999
492 51947 48532 43909
493 51557 42925 37169
494 53579 33435 856
495 51145 4303 28747
496 54152 24821 7865
497 51476 3182 2633
498 51126 34063 45224
499 52690 30914 11822
500 53283 15017 27514
501 53074 126 187
502 52112 -281 -226
503 53581 479 89
504 52516 -316 -243
505 52568 348 216
506 52481 -116 -188
507 52566 305 430
508 54010 -321 -262
509 51274 135 279
510 53343 -179 -317
511 52115 166 302
512 52581 -306 -363
513 53734 471 499
514 52935 -145 -57
515 53179 329 135
516 54670 -288 -157
517 50600 460 450
518 54033 -92 -5
519 50208 398 136
520 52875 -122 -261
521 52865 225 311
522 52489 -148 -272
523 51361 282 453
524 52199 -187 -411
525 51097 439 498
526 53860 -124 -210
527 51551 325 211
528 52525 -37 -150
529 51198 396 351
530 53081 -470 -151
531 52176 495 298
532 50367 -114 -296
533 54453 188 387
534 53256 -28 -66
535 54769 396 135
536 53995 -373 -363
537 53436 322 189
538 52454 -234 -169
539 53536 271 15
540 51352 -485 -52
541 50845 184 468
542 53961 -398 -280
543 52147 172 461
544 53237 -351 -118
545 54759 54 276
546 54951 -417 -387
547 53384 161 342
548 54121 -42 -223
549 51177 354 439
550 52080 -495 -279
551 51671 58 410
552 53941 -195 -324
553 53420 333 483
554 51098 -349 -415
555 54488 57 405
556 50107 -281 -489
557 54436 472 118
558 51713 -489 -343
559 51474 73 292
560 54260 -398 -299
561 53647 265 342
562 50353 -256 -367
563 51713 181 236
564 52110 -272 -146
565 51620 224 222
566 54001 -73 -443
567 50191 19 21
568 50630 0 -52
569 51361 339 56
570 53456 -82 -120
571 53482 430 245
572 53117 -347 -289
573 51350 94 358
574 54991 -311 -167
575 53624 211 32
576 52039 -22 -316
577 53761 136 416
578 53413 -225 -439
579 51295 130 149
580 52147 -445 -297
581 53720 62 205
582 52758 -76 -57
583 52203 253 272
584 54492 -143 -159
585 54519 421 263
586 50883 -379 -418
587 54557 246 358
588 52866 -461 -21
589 52668 145 349
590 50280 -31 -156
591 50680 79 499
592 51052 -263 -171
593 51454 99 58
594 54465 -59 -270
595 53618 155 198
596 50515 -389 -440
597 52395 471 463
598 51351 -353 -42
599 52308 57 430
600 53414 -332 -46
601 52979 210 404
602 51923 -245 -49
603 50310 116 340
604 50970 -282 -166
605 53797 336 73
606 53985 -79 -61
607 50231 147 286
608 50749 -59 -14
609 50460 487 103
610 54353 -308 -413
611 53512 103 336
612 51006 -173 -245
613 53219 177 119
614 53676 -74 -427
615 52056 116 344
616 53945 -292 -375
617 54908 6 447
618 53133 -468 -30
619 51632 75 33
620 51343 -255 -75
621 50780 421 358
622 54447 -365 -10
623 54391 46 357
624 50182 -143 -449
625 52449 343 386
626 52478 -236 -78
627 52643 473 456
628 52001 -270 -324
629 52401 37 337
630 53334 -19 -129
631 50972 94 381
632 52181 -418 -278
633 52385 141 499
634 52671 -448 -108
635 52771 51 333
636 54845 -444 -473
637 50825 246 318
638 53776 -221 -344
639 54394 335 131
640 53235 -12 -149
641 50636 244 202
642 53325 -444 -312
643 51181 248 141
644 53508 -150 -459
645 50464 458 114
646 50048 -222 -18
647 50867 346 438
648 54196 -350 -191
649 50399 489 66
650 53702 -260 -76
651 50941 421 182
652 53972 -88 -475
653 52660 81 127
654 52488 -138 -38
655 53905 487 359
656 52539 -319 -119
657 50223 156 381
658 54052 -353 -284
659 52002 28 184
660 52597 -408 -290
661 50871 156 216
662 51394 -37 -281
663 51488 90 446
664 53366 -325 -18
665 51870 32 397
666 52379 -402 -413
667 53469 249 135
668 51743 -315 -324
669 50725 284 349
670 52425 -129 -340
671 51830 187 352
672 51229 -415 -167
673 53723 50 133
674 54505 -204 -419
675 51565 90 323
676 51912 -175 -145
677 54285 419 465
678 53929 -415 -278
679 51833 318 335
680 53148 -352 -52
681 50902 292 156
682 51764 -425 -24
683 52065 6 199
684 54985 -55 -306
685 52011 130 301
686 54484 -417 -473
687 53072 330 313
688 51888 -377 -472
689 51002 3 440
690 52104 -197 -400
691 52198 280 297
692 52534 -80 -251
693 50016 104 164
694 54272 -3 -471
695 51945 81 243
696 50802 -45 -368
697 50461 337 101
698 53131 -106 -162
699 50384 54 43
700 51186 -101 -154
701 53355 234 165
702 51279 -129 -213
703 53442 130 119
704 50109 -394 -492
705 52544 146 110
706 50526 -367 -263
707 52120 252 336
708 51469 -209 -286
709 53852 437 142
710 52201 -115 -383
711 53329 151 271
712 50223 -456 -429
713 53976 443 52
714 51800 -132 -112
715 54854 143 92
716 50338 -175 -395
717 53901 419 316
718 53612 -489 -112
719 54135 162 336
720 52280 -26 -108
721 50724 13 218
722 51559 -23 -289
723 51445 65 499
724 50845 -228 -424
725 51132 259 404
726 54512 -457 -168
727 50776 408 417
728 51121 -34 -432
729 53166 339 15
730 54637 -417 -139
731 52453 98 494
732 52615 -66 -91
733 54230 472 406
734 54208 -128 -367
735 54872 143 228
736 52999 -159 -92
737 54906 86 307
738 52694 -303 -188
739 54592 442 184
740 51093 -266 -164
741 53717 325 276
742 53617 -283 -172
743 54106 129 65
744 53302 -298 -280
745 53377 464 239
746 52662 -122 -125
747 54527 439 490
748 50256 -234 -175
749 51099 3 306
750 50656 -146 -216
751 54228 69 199
752 52751 -189 -363
753 51184 473 318
754 52207 -202 -351
755 54578 495 121
756 51541 -230 -237
757 52507 402 343
758 52008 -202 -123
759 53999 325 465
760 54153 -300 -208
761 54894 242 5
762 54869 -416 -335
763 52056 328 174
764 53082 -312 -79
765 54864 443 82
766 53547 -385 -265
767 51387 457 179
768 54714 -88 -54
769 51805 206 466
770 52250 -395 -412
771 51065 149 168
772 50158 -19 -412
773 50822 450 271
774 53239 -384 -435
775 51064 341 429
776 54457 -113 -80
777 54097 125 37
778 52949 -377 -329
779 53209 412 290
780 54370 -431 -195
781 52540 54 433
782 50913 -349 -50
783 52348 428 314
784 50390 -193 -342
785 53905 455 271
786 52835 -117 -368
787 52277 457 4
788 53252 -68 -16
789 51540 388 265
790 52802 -2 -319
791 53175 132 116
792 50359 -421 -270
793 54373 379 150
794 54122 -493 -416
795 51619 448 485
796 54447 -75 -181
797 51319 422 16
798 50187 -311 -400
799 54634 236 316
800 53447 -90 -489
801 51499 441 88
802 52706 -265 -286
803 50807 318 294
804 50769 -35 -36
805 50173 375 470
806 51512 -492 -14
807 54275 452 467
808 50142 -213 -205
809 54749 10 268
810 53829 -79 -106
811 51909 112 219
812 50302 -206 -491
813 52028 410 360
814 51899 -212 -214
815 52200 214 278
816 54616 -73 -179
817 51250 9 334
818 53221 -27 -137
819 52100 323 247
820 54021 -418 -130
821 51726 403 241
822 54442 -94 -28
823 50204 497 432
824 51736 -406 -95
825 53925 300 183
826 51042 -135 -316
827 50112 185 403
828 54942 -362 -284
829 50466 162 103
830 50287 -152 -287
831 54035 485 455
832 52482 -264 -170
833 54108 25 19
834 52526 -346 -35
835 51285 482 75
836 52978 -202 -304
837 54176 180 52
838 51756 -14 -310
839 52590 108 139
840 52391 -474 -147
841 52486 273 368
842 53781 -229 -431
843 53977 370 40
844 52185 -426 -452
845 52888 28 25
846 52522 -432 -363
847 53719 51 319
848 53107 -443 -12
849 51936 264 316
850 52996 -156 -329
851 51649 135 381
852 51421 -114 -434
853 52973 498 321
854 54232 -126 -487
855 51831 352 267
856 51753 -361 -447
857 50591 185 198
858 50327 -83 -32
859 51582 118 353
860 50003 -345 -282
861 53013 4 157
862 52874 -480 -193
863 50643 173 408
864 51454 -427 -274
865 50270 233 483
866 53453 -283 -171
867 53845 385 465
868 52116 -248 -209
869 53739 116 177
870 54412 -123 -339
871 53826 100 254
872 51985 -400 -430
873 53922 18 337
874 50459 -460 -215
875 52958 290 493
876 53675 -89 -496
877 53362 11 317
878 50685 -325 -173
879 53563 119 322
880 53769 -321 -202
881 53291 26 229
882 50835 -157 -129
883 54693 56 429
884 54079 -61 -436
885 52198 456 366
886 54446 -279 -393
887 52167 444 56
888 53785 -323 -201
889 52039 214 335
890 54108 -166 -284
891 53938 484 12
892 53312 -80 -209
893 53343 241 37
894 51994 -350 -307
895 50195 347 356
896 50337 -326 -361
897 50122 368 159
898 50120 -278 -97
899 52302 15 40
900 52655 -308 -385
901 54248 368 23
902 52548 -434 -479
903 51865 246 132
904 51808 -21 -269
905 50442 341 263
906 53976 -279 -352
907 54898 249 199
908 52773 -156 -187
909 52869 466 53
910 52162 -54 -130
911 51293 63 436
912 50523 -489 -67
913 51684 253 290
914 52890 -435 -376
915 52266 188 278
916 50689 -105 -266
917 53202 366 55
918 50195 -388 -116
919 50684 30 299
920 51773 -19 -170
921 54783 125 391
922 52636 -34 -435
923 51048 429 392
924 54651 -354 -105
925 52589 53 85
926 52140 -116 -147
927 53785 187 382
928 52301 -394 -269
929 53792 314 88
930 50619 -105 -490
931 52893 35 412
932 50761 -21 -38
933 54777 331 479
934 52248 -353 -227
935 53733 82 210
936 50371 -180 -482
937 52753 489 210
938 50527 -348 -366
939 50298 373 396
940 50657 -227 -498
941 51964 17 427
942 50052 -217 -441
943 50790 483 337
944 54104 -235 -320
945 52658 83 75
946 52094 -191 -102
947 53794 174 486
948 51420 -356 -319
949 52013 383 121
950 54674 -477 -434
951 54886 60 148
952 51643 -216 -251
953 52924 469 315
954 52867 -312 -1
955 50107 87 418
956 54102 -240 -100
957 50554 314 427
958 52655 -102 -333
959 54328 125 210
960 52826 -287 -302
961 54087 425 29
962 51624 -131 -463
963 52530 288 225
964 52490 -473 -287
965 53387 323 361
966 50498 -118 -101
967 50951 415 39
968 50636 -457 -105
969 52011 36 75
970 51036 -162 -312
971 53769 396 194
972 53617 -499 -393
973 52516 347 7
974 54476 -26 -131
975 53861 262 331
976 52113 -264 -81
977 50340 117 228
978 52977 -63 -294
979 50458 95 370
980 51767 -457 -170
981 52036 249 45
982 54660 -293 -8
983 53446 68 431
984 53514 -144 -148
985 51608 35 424
986 53285 -23 -14
987 52657 133 459
988 51632 -324 -261
989 51191 21 121
990 54923 -483 -115
991 53629 395 473
992 52093 -443 -284
993 52110 341 330
994 52123 -424 -134
995 50992 99 442
996 51127 -204 -357
997 51776 390 134
998 52711 -372 -149
999 52694 270 451
1000 52701 -176 -472
1001 52824 5 382
1002 50020 -396 -418
1003 54409 265 406
1004 54426 -290 -297
1005 53975 55 347
1006 54357 -497 -121
1007 52746 423 193
1008 50493 -237 -192
1009 53662 477 123
1010 54865 -154 -413
1011 54335 363 275
1012 54555 -464 -137
1013 50470 296 167
1014 51369 -276 -356
1015 52027 252 103
1016 52481 -94 -357
1017 51884 84 13
1018 52061 -393 -306
1019 51776 210 474
1020 51858 -147 -473
1021 50688 170 231
1022 51849 -133 -432
1023 50685 356 270
1024 51734 -459 -413
1025 50891 81 58
1026 50212 0 -14
1027 53751 402 47
1028 50642 -186 -406
1029 50023 46 160
1030 53569 -455 -210
1031 52406 63 323
1032 51075 -18 -115
1033 53668 374 429
1034 52821 -328 -494
1035 52399 167 275
1036 51682 -442 -234
1037 53915 393 423
1038 52137 -194 -430
1039 53102 75 76
1040 53038 -41 -233
1041 51946 493 66
1042 50606 -346 -469
1043 50914 332 98
1044 54786 -356 -200
1045 54113 298 341
1046 51340 -328 -281
1047 53404 5 444
1048 52135 -400 -225
1049 50832 399 196
1050 54536 -433 -339
1051 51814 234 84
1052 54149 -274 -419
1053 53433 157 25
1054 52432 -242 -145
1055 54334 0 399
1056 54269 -64 -318
1057 54914 121 354
1058 53513 -219 -352
1059 54555 454 13
1060 50873 -453 -116
1061 54946 351 297
1062 54441 -356 -13
1063 54785 0 334
1064 51230 -38 -251
1065 51821 150 412
1066 53890 -472 -19
1067 50545 113 2
1068 50066 -154 -479
1069 55000 332 74
1070 53396 -434 -320
1071 52865 56 114
1072 50146 -171 -456
1073 54033 437 334
1074 54412 -196 -229
1075 51689 94 267
1076 50820 -281 -186
1077 53972 192 268
1078 53101 -484 -420
1079 50180 143 131
1080 53060 -109 -437
1081 53479 242 253
1082 50291 -136 -361
1083 51192 68 294
1084 54896 -156 -276
1085 54317 162 44
1086 52068 -7 -487
1087 50385 454 153
1088 54013 -249 -208
1089 51776 259 337
1090 54904 -248 -28
1091 53803 221 351
1092 54019 -268 -1
1093 53355 317 103
1094 52596 -374 -446
1095 50141 228 497
1096 54996 -424 -155
1097 51566 464 326
1098 50373 -221 -355
1099 54059 60 427
1100 53150 -203 -83
1101 52067 208 353
1102 51722 -256 -34
1103 50857 156 350
1104 50236 -56 -217
1105 54099 220 472
1106 53311 -23 -310
1107 54285 355 436
1108 50599 -98 -191
1109 53372 34 180
1110 51601 -311 -301
1111 54943 452 481
1112 52280 -115 -443
1113 52613 376 385
1114 52172 -332 -174
1115 50823 414 276
1116 51782 -374 -489
1117 54359 163 467
1118 53247 -92 -487
1119 52197 141 269
1120 52810 -478 -353
1121 52442 296 238
1122 54130 -299 -495
1123 52384 151 8
1124 54940 -480 -396
1125 54929 439 69
1126 52527 -177 -45
1127 53164 53 66
1128 52967 -370 -165
1129 52994 101 439
1130 50962 -224 -499
1131 50089 293 421
1132 53846 -274 -482
1133 50727 279 365
1134 51229 -50 -74
1135 54505 109 25
1136 53391 -409 -35
1137 50364 13 218
1138 50993 -233 -208
1139 51809 93 289
1140 54253 -268 -279
1141 51761 58 102
1142 50832 -120 -265
1143 54981 275 50
1144 52249 -469 -194
1145 52531 133 291
1146 50045 -217 -439
1147 50152 128 7
1148 52305 -131 -293
1149 53069 306 471
1150 53662 -196 -406
1151 51256 5 210
1152 51458 -292 -147
1153 54144 229 61
1154 53420 -158 -166
1155 52183 158 302
1156 54455 -319 -402
1157 52219 276 349
1158 53717 -403 -236
1159 51679 331 414
1160 51083 -370 -434
1161 50271 434 370
1162 53098 -275 -100
1163 50250 14 126
1164 52395 -196 -7
1165 52665 497 268
1166 54565 -406 -434
1167 51106 274 226
1168 54918 -189 -107
1169 52128 133 29
1170 50078 -67 -193
1171 52930 205 484
1172 54843 -318 -169
1173 52055 138 380
1174 52603 -464 -207
1175 52669 466 249
1176 52206 -398 -267
1177 52383 346 30
1178 53767 -473 -273
1179 52600 258 453
1180 52229 -418 -160
1181 53433 250 311
1182 54031 -406 -417
1183 52322 19 347
1184 53510 -100 -421
1185 51240 381 228
1186 51509 -383 -295
1187 53726 416 32
1188 51785 -406 -150
1189 50589 187 210
1190 51476 -43 -282
1191 53159 390 429
1192 52716 -431 -341
1193 53884 314 32
1194 51594 -220 -358
1195 54361 8 51
1196 53405 -94 -383
1197 50780 169 277
1198 53644 -249 -414
1199 53014 419 46
1200 52796 -387 -196
1201 51954 484 478
1202 51595 -82 -14
1203 54423 334 491
1204 54749 -76 -206
1205 54407 169 146
1206 53382 -128 -236
1207 51996 497 350
1208 50692 -38 -155
1209 51077 207 233
1210 54821 -417 -30
1211 52979 454 7
1212 51810 -349 -203
1213 51981 156 184
1214 51157 -495 -382
1215 52031 499 479
1216 53402 -30 -471
1217 53370 176 409
1218 50589 -382 -121
1219 50618 129 314
1220 51630 -201 -218
1221 52110 257 28
1222 54604 -219 -474
1223 51725 250 219
1224 53096 -104 -94
1225 54823 198 495
1226 51594 -138 -138
1227 52435 354 402
1228 50581 -35 -424
1229 53056 279 147
1230 54492 -353 -450
1231 52550 17 301
1232 54836 -496 -353
1233 53441 236 414
1234 53344 -17 -51
1235 54071 448 450
1236 50101 -61 -370
1237 51206 323 330
1238 51762 -401 -287
1239 54156 372 141
1240 51088 -23 -333
1241 52383 56 113
1242 53457 -25 -32
1243 50310 71 253
1244 51094 -299 -148
1245 54525 374 131
1246 54462 -451 -469
1247 52128 38 143
1248 52376 -443 -416
1249 53020 483 244
1250 51217 -495 -327
1251 51832 258 464
1252 54093 -173 -70
1253 50480 320 383
1254 54410 -364 -104
1255 54421 423 402
1256 54986 -60 -342
1257 51504 35 419
1258 53248 -306 -451
1259 54021 211 220
1260 50212 -493 -88
1261 54972 368 121
1262 53169 -228 -447
1263 51656 452 167
1264 53595 -10 -163
1265 50136 242 379
1266 50232 -202 -78
1267 50411 100 203
1268 54641 -385 -480
1269 50669 168 70
1270 51290 -68 -348
1271 52686 476 404
1272 50289 -466 -236
1273 50783 184 351
1274 54994 -351 -285
1275 52591 371 418
1276 54204 -352 -199
1277 53112 11 325
1278 53328 -446 -364
1279 54339 285 298
1280 54604 -343 -415
1281 53127 82 474
1282 51045 -364 -128
1283 54447 178 444
1284 51648 -407 -254
1285 50346 76 74
1286 54478 -493 -166
1287 50933 106 393
1288 54830 -338 -39
1289 51339 331 213
1290 52655 -403 -171
1291 51850 178 123
1292 52014 -253 -466
1293 53529 383 84
1294 53031 -95 -441
1295 51773 254 488
1296 54128 -191 -374
1297 50710 62 47
1298 50782 -177 -18
1299 51550 199 48
1300 50056 -249 -372
1301 51687 432 391
1302 52444 -324 -201
1303 54096 257 249
1304 51976 -43 -265
1305 50836 82 367
1306 54389 -393 -434
1307 53971 201 56
1308 51118 -15 -356
1309 51968 64 379
1310 53400 -467 -110
1311 50220 340 437
1312 52457 -31 -44
1313 54758 434 196
1314 53945 -399 -106
1315 52539 238 252
1316 51097 -253 -378
1317 52908 142 419
1318 50360 -391 -80
1319 50373 226 211
1320 53786 -263 -292
1321 54654 329 9
1322 52967 -160 -244
1323 50963 454 264
1324 52153 -289 -294
1325 53168 498 62
1326 54117 -261 -254
1327 50644 388 51
1328 51071 -263 -400
1329 53804 37 44
1330 53738 -41 -231
1331 54342 305 237
1332 53026 -124 -199
1333 51142 36 297
1334 52903 -46 -350
1335 50546 162 274
1336 50669 -286 -89
1337 54955 178 454
1338 52583 -364 -242
1339 50368 4 431
1340 50364 -135 -157
1341 53853 324 86
1342 54252 -440 -309
1343 53311 307 162
1344 52946 -142 -32
1345 51913 50 332
1346 51311 -470 -229
1347 52789 206 209
1348 54478 -396 -479
1349 53564 37 459
1350 53710 -471 -238
1351 50401 187 175
1352 51025 -366 -334
1353 51368 110 379
1354 53507 -482 -29
1355 51790 194 396
1356 50473 -278 -492
1357 53915 235 99
1358 50518 -54 -465
1359 53100 85 328
1360 51723 -146 -464
1361 53480 489 21
1362 54671 -292 -50
1363 53637 190 152
1364 53875 -184 -275
1365 50902 408 201
1366 54477 -485 -114
1367 50312 317 157
1368 52525 -81 -145
1369 53311 296 177
1370 51219 -426 -347
1371 53993 255 20
1372 54907 -163 -109
1373 51486 1 411
1374 51588 -393 -370
1375 50038 390 216
1376 52604 -21 -209
1377 50899 106 173
1378 53763 -287 -81
1379 52788 357 313
1380 53533 -57 -225
1381 52639 328 115
1382 53493 -19 -120
1383 52325 45 105
1384 50125 -339 -418
1385 52508 492 52
1386 50078 -479 -21
1387 52872 398 302
1388 52690 -95 -418
1389 50704 118 351
1390 51401 -33 -71
1391 53893 215 59
1392 53702 -226 -306
1393 54402 66 73
1394 52318 -278 -200
1395 50367 195 278
1396 52301 -351 -370
1397 51065 60 464
1398 50669 -256 -16
1399 52257 182 55
1400 50340 -58 -189
1401 53805 155 2
1402 51869 -58 -265
1403 53814 482 15
1404 54033 -327 -299
1405 52394 281 257
1406 52899 -264 -93
1407 52876 206 129
1408 54617 -356 -254
1409 51364 374 235
1410 51908 -11 -447
1411 51842 71 446
1412 50888 -487 -245
1413 50594 78 337
1414 51028 -339 -487
1415 50726 159 424
1416 54751 -181 -282
1417 53375 99 248
1418 50701 -110 -422
1419 51551 212 125
1420 50203 -370 -443
1421 51313 113 359
1422 51824 -345 -19
1423 52821 327 282
1424 51666 -307 -20
1425 53745 473 428
1426 54957 -323 -199
1427 54990 409 7
1428 54148 -56 -306
1429 51500 23 491
1430 53470 -414 -187
1431 50609 315 44
1432 54221 -13 -399
1433 54085 305 174
1434 52331 -402 -421
1435 53108 136 121
1436 51667 -27 -34
1437 53739 401 395
1438 50529 -34 -67
1439 50559 178 127
1440 53495 -402 -371
1441 51228 62 163
1442 52837 -89 -482
1443 54934 200 370
1444 54399 -367 -345
1445 52395 121 106
1446 53438 -17 -26
1447 51718 17 474
1448 54546 -327 -94
1449 54555 26 340
1450 52179 -482 -65
1451 52661 189 233
1452 50631 -56 -401
1453 54610 242 114
1454 54864 -254 -341
1455 54917 262 326
1456 52570 -401 -484
1457 53587 61 422
1458 52481 -215 -374
1459 52749 36 35
1460 52595 -494 -322
1461 51969 457 27
1462 51578 -129 -329
1463 51466 411 253
1464 52763 -365 -366
1465 53997 274 19
1466 53095 -43 -347
1467 53168 335 310
1468 50192 -130 -349
1469 51236 0 365
1470 51211 -286 -409
1471 50170 40 372
1472 50653 -5 -300
1473 52416 49 438
1474 50209 -202 -226
1475 54870 437 351
1476 54751 -470 -416
1477 53884 361 88
1478 54081 -248 -428
1479 53407 300 35
1480 52145 -159 -101
1481 53817 405 91
1482 54357 -337 -178
1483 50847 124 371
1484 52720 -122 -257
1485 52045 364 340
1486 53015 -272 -499
1487 54704 360 25
1488 51163 -294 -132
1489 54713 35 274
1490 52535 -78 -126
1491 51886 485 237
1492 53019 -380 -123
1493 50671 277 111
1494 51268 -283 -286
1495 52487 271 339
1496 51320 -304 -281
1497 53259 35 393
1498 52139 -76 -134
1499 51782 141 167
1500 51939 -235 -166
1501 53139 208 413
1502 51582 -479 -237
1503 51344 478 413
1504 52421 -272 -60
1505 53575 306 83
1506 51643 -164 -175
1507 51237 213 114
1508 52716 -499 -422
1509 53415 191 427
1510 50346 -96 -367
1511 50909 466 139
1512 52779 -327 -316
1513 53639 254 479
1514 51715 -315 -170
1515 52283 235 13
1516 50173 -26 -330
1517 54801 116 278
1518 51253 -310 -356
1519 50771 278 147
1520 54256 -347 -480
1521 54002 49 41
1522 53933 -146 -70
1523 50402 127 477
1524 50747 -271 -219
1525 53785 289 164
1526 54864 -72 -197
1527 52367 109 99
1528 54788 -125 -313
1529 52204 23 323
1530 51934 -313 -198
1531 50741 139 86
1532 54814 -369 -225
1533 51105 227 14
1534 50338 -346 -183
1535 50374 184 202
1536 54212 -445 -142
1537 54656 152 72
1538 52634 -130 -253
1539 50594 180 202
1540 50054 -400 -282
1541 50915 233 204
1542 51688 -65 -449
1543 52099 239 10
1544 52467 -314 -188
1545 50043 215 432
1546 52434 -491 -115
1547 51044 127 287
1548 50371 -4 -462
1549 52280 330 341
1550 51063 -236 -247
1551 53043 483 314
1552 52996 -180 -69
1553 53873 346 449
1554 54941 -444 -297
1555 51817 121 445
1556 50794 -51 -266
1557 53801 463 16
1558 54373 -458 -67
1559 54033 46 458
1560 51452 -304 -453
1561 50780 24 412
1562 52763 -193 -51
1563 52626 113 394
1564 51501 -440 -18
1565 53239 491 327
1566 52279 -280 -11
1567 52523 131 23
1568 51787 -185 -42
1569 52272 8 498
1570 51309 -486 -331
1571 50137 139 443
1572 54297 -262 -480
1573 51522 461 84
1574 53300 -433 -3
1575 52223 319 280
1576 54678 -471 -180
1577 53880 230 248
1578 51487 -62 -222
1579 54836 489 82
1580 53496 -363 -254
1581 53582 243 140
1582 52930 -97 -332
1583 51072 441 278
1584 50832 -385 -452
1585 52086 299 273
1586 54169 -233 -124
1587 52731 408 45
1588 53887 -63 -77
1589 54046 361 415
1590 52587 -136 -334
1591 53626 493 240
1592 54829 -434 -172
1593 54395 313 218
1594 53771 -157 -455
1595 51178 192 120
1596 54529 -394 -414
1597 50659 193 330
1598 53620 -181 -256
1599 53806 129 311
1600 54352 -311 -291
1601 52058 142 39
1602 54853 -258 -25
1603 51106 491 65
1604 52055 -301 -431
1605 52157 191 170
1606 52969 -42 -224
1607 51949 134 259
1608 51468 -390 -355
1609 50033 223 452
1610 50084 -16 -152
1611 54400 146 277
1612 53392 -496 -287
1613 53219 474 229
1614 51924 -245 -220
1615 53084 307 446
1616 51340 -481 -244
1617 50373 276 435
1618 51182 -259 -66
1619 53518 282 362
1620 50938 -234 -39
1621 52423 11 218
1622 50570 -121 -75
1623 51482 394 189
1624 54071 -3 -228
1625 52523 224 305
1626 50964 -186 -375
1627 51424 9 402
1628 52376 -317 -171
1629 53586 145 385
1630 50331 -188 -223
1631 51856 67 467
1632 53824 -364 -78
1633 52370 152 40
1634 51163 -363 -337
1635 54941 374 294
1636 50432 -71 -452
1637 52012 398 204
1638 52858 -261 -136
1639 53978 14 137
1640 51988 -193 -424
1641 51405 296 485
1642 54134 -453 -152
1643 50857 298 34
1644 53754 -197 -307
1645 50786 90 132
1646 50826 -192 -142
1647 53582 391 368
1648 51313 -330 -10
1649 53682 249 362
1650 51552 -104 -327
1651 51429 283 214
1652 50162 -202 -406
1653 52835 164 300
1654 54019 -227 -171
1655 51615 214 139
1656 54777 -270 -192
1657 51917 91 89
1658 54060 -481 -457
1659 54461 243 74
1660 54839 -229 -119
1661 54567 462 266
1662 51819 -379 -486
1663 53270 312 456
1664 51945 -288 -422
1665 54481 172 193
1666 54085 -277 -353
1667 54691 21 210
1668 54607 -113 -21
1669 53846 136 460
1670 53723 -237 -384
1671 53505 290 345
1672 53349 -349 -149
1673 53279 37 167
1674 54982 -145 -455
1675 54133 304 262
1676 52075 -50 -408
1677 54850 66 190
1678 53628 -440 -36
1679 52396 247 168
1680 54274 -146 -30
1681 51448 163 64
1682 52038 -115 -154
1683 50577 419 238
1684 52852 -442 -229
1685 53087 317 154
1686 54085 -412 -105
1687 50822 17 386
1688 54604 -41 -350
1689 54383 313 319
1690 51197 -350 -449
1691 51492 67 50
1692 53746 -226 -304
1693 50795 304 150
1694 51767 -140 -38
1695 51111 355 389
1696 52145 -312 -95
1697 52875 44 346
1698 51829 -399 -463
1699 51333 343 442
1700 54959 -122 -387
1701 54974 217 497
1702 50689 -245 -208
1703 53673 303 65
1704 51556 -46 -36
1705 51990 367 229
1706 52274 -270 -54
1707 53946 199 277
1708 52244 -74 -280
1709 50764 32 415
1710 50759 -150 -43
1711 51871 14 316
1712 50853 -47 -125
1713 53272 164 440
1714 54354 -130 -29
1715 53240 381 93
1716 51732 -262 -75
1717 50636 239 240
1718 53326 -251 -158
1719 54131 447 471
1720 53965 -113 -462
1721 52886 168 3
1722 54976 -388 -385
1723 50313 369 359
1724 54768 -433 -499
1725 53072 56 269
1726 54025 -339 -409
1727 52544 160 453
1728 50222 -200 -229
1729 54550 210 414
1730 51511 -189 -133
1731 53638 418 132
1732 50446 -330 -4
1733 52856 104 467
1734 54639 -273 -337
1735 51694 256 467
1736 51253 -382 -133
1737 53087 85 312
1738 53301 -90 -259
1739 53785 145 3
1740 52799 -245 -348
1741 51781 188 81
1742 54372 -282 -394
1743 53287 466 270
1744 51068 -327 -327
1745 53191 314 435
1746 53767 -134 -474
1747 53535 263 148
1748 50121 -233 -455
1749 50339 105 449
1750 53423 -123 -171
1751 50788 474 262
1752 54057 -154 -355
1753 53918 413 299
1754 53669 -318 -480
1755 54532 54 102
1756 50318 -401 -460
1757 51231 432 36
1758 54485 -125 -157
1759 53768 259 310
1760 52641 -40 -373
1761 50130 386 10
1762 53743 -491 -480
1763 52662 188 417
1764 54294 -48 -286
1765 54345 373 362
1766 50735 -441 -336
1767 51092 301 468
1768 52620 -145 -413
1769 54508 53 354
1770 50168 -144 -428
1771 50307 278 190
1772 50779 -116 -244
1773 53332 353 228
1774 52626 -347 -96
1775 54782 305 424
1776 50308 -209 -385
1777 50360 188 195
1778 50870 -234 -139
1779 52943 16 4
1780 51682 -119 -26
1781 50141 202 405
1782 52614 -78 -222
1783 53860 95 404
1784 52178 -248 -339
1785 53665 63 170
1786 54633 -116 -73
1787 52107 93 357
1788 51948 -366 -405
1789 52331 219 48
1790 51958 -411 -386
1791 54302 233 398
1792 53235 -493 -147
1793 50717 340 339
1794 50916 -322 -394
1795 52552 25 57
1796 50868 -284 -68
1797 51892 293 409
1798 54021 -272 -4
1799 51806 184 313
1800 53281 -77 -15
1801 53140 298 7
1802 50719 -78 -31
1803 50373 148 245
1804 52277 -196 -404
1805 53565 100 499
1806 50863 -102 -81
1807 53301 461 391
1808 50276 -6 -470
1809 54374 268 439
1810 54323 -293 -438
1811 50731 436 370
1812 54468 -142 -115
1813 53165 267 14
1814 50182 -83 -279
1815 52724 266 482
1816 50117 -439 -453
1817 52405 299 276
1818 54578 -300 -183
1819 52218 382 490
1820 54298 -39 -225
1821 53435 346 272
1822 51244 -364 -198
1823 54950 51 444
1824 51782 -32 -257
1825 50371 478 453
1826 50686 -218 -455
1827 50658 430 140
1828 51881 -146 -360
1829 51738 222 28
1830 51067 -253 -118
1831 54698 484 329
1832 52367 -198 -190
1833 52255 427 168
1834 53693 -450 -57
1835 51918 214 112
1836 50009 -92 -115
1837 51145 5 14
1838 53971 -167 -323
1839 54427 213 229
1840 53100 -438 -199
1841 54578 271 196
1842 50877 -431 -418
1843 52475 258 414
1844 51201 -364 -330
1845 50364 315 211
1846 53007 -434 -411
1847 54964 44 118
1848 52503 -440 -292
1849 53284 37 109
1850 51742 -246 -402
1851 54338 464 329
1852 54543 -226 -488
1853 50583 355 20
1854 51557 -307 -408
1855 54447 32 278
1856 51666 -260 -175
1857 54860 282 493
1858 52687 -446 -325
1859 50883 92 437
1860 50526 -445 -165
1861 53036 121 149
1862 50458 -455 -496
1863 51453 351 296
1864 53388 -345 -446
1865 50531 234 293
1866 50995 -358 -159
1867 54596 34 277
1868 54880 -311 -157
1869 50069 107 4
1870 51781 -325 -433
1871 53597 246 368
1872 50530 -18 -434
1873 54507 334 433
1874 54328 -185 -326
1875 53341 405 253
1876 53798 -259 -115
1877 51574 393 198
1878 50665 -101 -180
1879 50669 85 229
1880 52478 -1 -402
1881 54182 160 301
1882 50649 -460 -26
1883 52128 436 188
1884 50651 -438 -333
1885 51189 184 92
1886 54499 -159 -465
1887 51763 436 161
1888 54320 -367 -235
1889 52979 92 332
1890 52351 -128 -243
1891 51534 443 413
1892 53387 -44 -179
1893 53935 40 86
1894 54961 -37 -428
1895 52494 471 199
1896 53115 -147 -140
1897 51035 107 436
1898 54180 -428 -396
1899 51240 148 478
1900 54466 -376 -299
1901 51664 301 455
1902 53581 -183 -352
1903 50502 242 360
1904 51449 -312 -38
1905 50958 208 219
1906 54503 -438 -365
1907 51167 351 465
1908 51333 -477 -109
1909 51780 122 370
1910 50390 -196 -483
1911 53986 273 308
1912 52959 -391 -312
1913 52053 359 385
1914 53454 -354 -497
1915 54071 404 259
1916 51370 -227 -320
1917 52233 114 165
1918 50168 -104 -264
1919 51287 402 53
1920 50919 -407 -51
1921 53773 284 331
1922 51244 -393 -499
1923 53551 389 437
1924 52688 -145 -241
1925 51267 7 69
1926 54289 -144 -33
1927 54643 212 58
1928 54983 -180 -151
1929 52029 390 288
1930 51040 -391 -120
1931 54499 342 115
1932 53619 -177 -228
1933 52938 144 45
1934 53950 -228 -351
1935 51581 447 41
1936 51462 -172 -386
1937 53484 179 4
1938 52931 -102 -237
1939 50720 284 296
1940 53801 -48 -327
1941 50573 477 273
1942 52177 -3 -222
1943 54880 265 492
1944 52327 -258 -184
1945 54761 374 484
1946 54740 -14 -168
1947 54213 242 103
1948 51962 -469 -344
1949 51161 121 309
1950 54285 -295 -488
1951 50465 429 456
1952 50640 -264 -282
1953 53401 157 304
1954 52255 -13 -339
1955 52531 331 81
1956 51973 -486 -296
1957 54183 213 21
1958 50234 -461 -241
1959 51417 385 82
1960 52539 -292 -78
1961 51817 121 207
1962 52878 -121 -1
1963 50186 381 410
1964 54838 -208 -451
1965 54119 56 306
1966 54097 -418 -382
1967 52360 303 412
1968 53571 -194 -227
1969 53687 340 130
1970 52171 -16 -341
1971 52084 334 94
1972 52847 -418 -209
1973 50523 25 319
1974 50372 -484 -293
1975 50219 5 472
1976 52093 -496 -362
1977 52205 38 228
1978 53443 -86 -424
1979 52773 160 469
1980 51867 -217 -163
1981 50827 306 454
1982 50887 -143 -442
1983 53475 157 276
1984 54949 -499 -296
1985 52254 239 285
1986 51395 -451 -115
1987 52867 442 253
1988 53716 -263 -338
1989 54458 203 19
1990 54964 -93 -237
1991 50196 463 489
1992 54986 -370 -169
1993 53364 82 286
1994 52609 -289 -54
1995 50789 457 255
1996 50641 -159 -43
1997 52270 83 211
1998 51692 -9 -173
1999 53780 462 227
2000 52790 -477 -234
2001 50233 104 230
2002 51214 -333 -446
2003 50280 402 282
2004 53563 -182 -331
2005 52057 449 243
2006 54032 -453 -82
2007 50328 88 73
2008 54342 -197 -373
2009 53542 160 431
2010 51561 -341 -490
2011 53787 239 414
2012 54716 -196 -457
2013 52291 393 25
2014 50978 -405 -463
2015 54975 244 126
2016 50728 -272 -246
2017 51519 359 60
2018 53191 -74 -436
2019 51702 334 191
2020 51350 -79 -275
2021 53839 337 269
2022 52256 -109 -149
2023 54565 148 410
2024 51668 -287 -74
2025 52928 338 97
2026 50364 -384 -120
2027 50554 425 458
2028 54262 -488 -390
2029 54185 385 310
2030 51472 -128 -326
2031 52442 344 332
2032 51170 -486 -403
2033 54870 321 295
2034 53668 -225 -71
2035 53427 57 8
2036 53677 -240 -451
2037 51343 94 326
2038 52091 -262 -63
2039 52693 301 127
2040 52462 -305 -339
2041 54677 313 384
2042 50195 -75 -362
2043 51064 477 422
2044 53738 -187 -421
2045 53827 108 372
2046 51930 -243 -154
2047 52250 22 128
2048 54951 -3 -70
2049 52286 458 207
2050 52181 -365 -24
2051 50580 399 390
2052 52546 -473 -54
2053 52790 287 282
2054 50201 -40 -10
2055 52588 14 400
2056 54791 -374 -329
2057 54249 499 181
2058 50575 -248 -270
2059 53168 16 237
2060 52732 -84 -160
2061 51345 176 166
2062 54621 -278 -354
2063 50231 272 317
2064 50223 -426 -336
2065 51027 17 193
2066 53841 -91 -394
2067 50836 127 96
2068 54521 -251 -294
2069 53293 183 360
2070 54078 -396 -389
2071 53144 3 460
2072 50664 -292 -40
2073 53001 171 62
2074 50779 -329 -448
2075 50700 46 135
2076 51609 -429 -460
2077 54916 255 105
2078 53312 -191 -385
2079 51865 451 335
2080 54937 -73 -227
2081 54241 408 352
2082 51759 -290 -38
2083 51534 110 468
2084 50663 -408 -336
2085 53277 363 426
2086 54353 -51 -413
2087 51377 376 33
2088 54114 -495 -203
2089 54148 120 226
2090 53078 -442 -47
2091 50556 105 336
2092 54069 -264 -458
2093 51392 87 16
2094 52033 -177 -349
2095 53211 260 456
2096 51283 -45 -3
2097 50319 464 13
2098 54343 -463 -24
2099 51697 444 417
2100 52267 -393 -483
2101 53963 268 457
2102 52732 -280 -460
2103 50138 308 81
2104 53484 -296 -137
2105 53701 212 387
2106 53976 -100 -400
2107 54719 386 245
2108 51182 -359 -122
2109 50570 308 478
2110 52749 -472 -418
2111 52027 353 482
2112 51213 -465 -221
2113 51711 429 489
2114 51983 -341 -134
2115 52560 485 205
2116 53646 -315 -39
2117 50742 382 253
2118 52678 -205 -394
2119 54350 418 455
2120 54945 -248 -362
2121 51635 104 376
2122 53785 -193 -130
2123 50962 442 493
2124 54938 -110 -219
2125 54344 331 70
2126 50626 -220 -82
2127 54439 458 205
2128 52864 -222 -165
2129 52402 162 234
2130 50364 -380 -477
2131 51437 435 238
2132 50356 -461 -430
2133 54649 218 357
2134 53143 -392 -416
2135 51712 477 287
2136 51425 -182 -314
2137 52869 376 489
2138 53540 -29 -345
2139 53952 250 15
2140 50224 -375 -369
2141 50557 426 353
2142 50742 -247 -109
2143 52330 292 30
2144 50967 -121 -185
2145 50459 121 397
2146 51193 -47 -92
2147 51834 242 10
2148 51962 -373 -313
2149 52634 458 410
2150 54853 -238 -253
2151 54753 122 101
2152 52512 -212 -386
2153 52262 279 329
2154 50100 -70 -217
2155 53177 291 377
2156 54797 -412 -359
2157 51347 242 465
2158 54044 -95 -265
2159 52662 138 369
2160 52980 -219 -384
2161 53026 35 174
2162 51293 -117 -382
2163 53746 54 462
2164 54596 -346 -211
2165 54126 3 431
2166 51727 -257 -63
2167 54658 74 451
2168 50342 -447 -481
2169 51845 332 442
2170 51110 -286 -204
2171 53636 477 167
2172 52489 -244 -415
2173 52882 479 126
2174 53902 -105 -277
2175 51611 353 274
2176 54409 -178 -208
2177 54548 431 364
2178 51105 -71 -336
2179 50198 317 57
2180 50880 -176 -384
2181 50344 212 329
2182 54783 -453 -94
2183 52321 363 367
2184 53760 -163 -296
2185 53904 380 39
2186 53733 -111 -499
2187 52927 406 394
2188 51644 -335 -427
2189 50446 77 433
2190 52567 -28 -345
2191 53277 430 404
2192 50224 -407 -459
2193 51286 131 17
2194 53964 -63 -436
2195 50091 441 108
2196 54199 -189 -184
2197 53934 180 491
2198 50978 -188 -368
2199 53513 394 138
2200 51381 -277 -362
2201 53834 488 175
2202 51387 -20 -32
2203 54323 79 112
2204 53852 -229 -387
2205 50368 262 56
2206 51243 -408 -318
2207 50685 177 440
2208 52913 -394 -194
2209 54987 69 190
2210 53895 -428 -460
2211 50089 156 417
2212 54698 -291 -399
2213 50386 222 220
2214 50061 -483 -256
2215 50545 233 166
2216 54787 -347 -415
2217 52177 311 306
2218 50343 -32 -486
2219 53597 333 448
2220 51472 -242 -424
2221 50526 404 438
2222 54326 -484 -338
2223 50980 70 59
2224 52587 -207 -231
2225 54617 426 104
2226 50779 -209 -485
2227 54047 83 129
2228 50261 -495 -386
2229 54033 217 120
2230 53003 -173 -201
2231 50036 112 173
2232 53551 -187 -239
2233 50487 229 136
2234 52227 -449 -109
2235 52033 238 31
2236 52203 -330 -188
2237 50050 180 80
2238 53756 -487 -240
2239 50945 181 107
2240 51610 -212 -311
2241 54042 52 311
2242 52457 -247 -374
2243 54709 485 45
2244 50609 -432 -491
2245 51687 127 239
2246 53201 -206 -75
2247 52764 363 309
2248 50138 -419 -78
2249 52063 170 394
2250 53913 -80 -22
2251 50943 47 74
2252 52485 -232 -143
2253 54307 481 387
2254 51956 -167 -98
2255 54593 286 149
2256 50357 -182 -125
2257 50842 29 133
2258 53127 -390 -65
2259 52456 153 144
2260 54091 -81 -286
2261 53049 199 363
2262 50372 -399 -39
2263 50948 385 365
2264 51317 -30 -229
2265 54744 1 204
2266 50508 -419 -339
2267 51813 298 13
2268 52438 -175 -214
2269 50540 145 455
2270 50414 -82 -158
2271 53550 413 266
2272 51683 -493 -242
2273 54068 237 126
2274 51585 -384 -462
2275 50122 243 292
2276 54169 -374 -283
2277 54454 278 323
2278 54537 -352 -436
2279 54443 440 127
2280 51893 -420 -444
2281 50384 246 305
2282 54775 -165 -138
2283 53711 184 323
2284 54878 -337 -104
2285 53416 307 154
2286 54992 -2 -293
2287 52160 222 274
2288 50612 -351 -98
2289 52951 311 210
2290 53664 -167 -297
2291 53264 440 51
2292 52322 -370 -394
2293 51444 99 197
2294 53351 -138 -104
2295 54066 204 298
2296 51860 -439 -360
2297 53979 321 177
2298 50998 -109 -121
2299 51282 244 81
2300 54214 -107 -161
2301 51285 242 291
2302 51634 -410 -35
2303 52927 497 23
2304 54504 -467 -249
2305 52506 129 228
2306 50170 -437 -35
2307 53872 123 356
2308 52214 -165 -370
2309 52752 470 3
2310 52361 -279 -268
2311 52774 328 354
2312 52790 -284 -473
2313 53547 365 393
2314 53296 -378 -146
2315 50800 340 264
2316 53861 -135 -195
2317 54429 147 43
2318 52940 -346 -374
2319 53419 20 158
2320 52501 -245 -450
2321 53248 15 425
2322 52778 -182 -327
2323 50466 319 379
2324 54485 -477 -175
2325 50640 364 445
2326 53139 -415 -11
2327 54517 385 394
2328 51227 -256 -297
2329 53161 39 499
2330 50122 -152 -197
2331 53227 143 173
2332 50930 -300 -59
2333 53009 326 375
2334 51527 -260 -212
2335 53940 498 119
2336 54329 -270 -47
2337 51237 295 282
2338 54677 -254 -215
2339 50367 271 226
2340 52943 -190 -237
2341 54912 450 177
2342 53633 -367 -359
2343 52057 304 217
2344 50920 -43 -442
2345 52544 196 326
2346 50280 -110 -429
2347 53168 319 116
2348 52385 -417 -299
2349 51812 79 127
2350 53907 -27 -398
2351 50979 137 344
2352 50114 -222 -247
2353 50958 107 350
2354 50438 -358 -268
2355 53035 344 108
2356 50703 -336 -199
2357 52099 169 169
2358 52388 -169 -426
2359 51515 440 465
2360 53435 -228 -11
2361 52012 294 96
2362 50027 -452 -19
2363 53234 201 495
2364 54876 -83 -1
2365 53264 469 156
2366 51457 -21 -239
2367 53297 229 486
2368 52816 -2 -187
2369 51661 143 399
2370 51303 -175 -247
2371 53148 226 486
2372 50897 -86 -301
2373 50754 106 276
2374 50968 -177 -149
2375 54297 47 119
2376 50768 -54 -275
2377 52080 49 243
2378 50175 -18 -154
2379 54757 443 130
2380 50268 -199 -309
2381 53532 248 5
2382 50425 -169 -144
2383 50389 258 182
2384 52172 -310 -461
2385 54641 358 180
2386 51260 -460 -62
2387 53169 43 124
2388 54585 -118 -276
2389 53522 49 79
2390 53246 -370 -290
2391 50826 76 287
2392 52223 -162 -13
2393 51361 356 45
2394 54472 -258 -205
2395 51498 372 484
2396 53446 -457 -308
2397 50944 97 93
2398 50988 -282 -76
2399 51386 137 114
2400 50128 -36 -83
2401 54377 107 448
2402 51133 -33 -265
2403 51625 186 447
2404 53590 -173 -322
2405 53526 109 398
2406 50599 -412 -6
2407 54629 196 351
2408 51018 -486 -37
2409 53863 99 76
2410 53681 -330 -254
2411 52723 115 273
2412 52653 -90 -100
2413 51383 340 2
2414 54037 -380 -370
2415 53964 22 283
2416 52269 -171 -125
2417 53835 323 118
2418 52181 -440 -242
2419 52281 435 222
2420 51015 -140 -307
2421 51562 439 422
2422 52829 -35 -52
2423 53826 64 420
2424 51070 -429 -3
2425 51589 457 203
2426 50517 -63 -204
2427 54288 264 63
2428 53144 -379 -124
2429 50973 162 304
2430 51948 -161 -348
2431 51527 240 470
2432 52001 -70 -152
2433 53406 257 448
2434 51029 -401 -229
2435 53428 44 489
2436 54516 -460 -19
2437 51533 226 292
2438 53318 -226 -231
2439 53881 192 53
2440 54987 -162 -285
2441 51982 240 421
2442 50559 -499 -395
2443 51932 417 220
2444 50711 -408 -116
2445 50209 112 462
2446 54713 -380 -380
2447 50918 321 307
2448 51410 -300 -62
2449 52883 348 101
2450 53654 -466 -64
2451 53256 426 286
2452 54070 -17 -436
2453 52841 181 20
2454 51675 -414 -301
2455 51838 210 11
2456 50976 -104 -251
2457 50516 450 333
2458 52728 -260 -381
2459 51595 234 333
2460 50394 -93 -56
2461 53567 350 118
2462 52819 -111 -478
2463 51123 128 344
2464 51616 -135 -221
2465 53131 331 53
2466 51595 -40 -416
2467 54655 383 60
2468 50782 -150 -280
2469 53690 211 41
2470 50431 -288 -303
2471 52152 101 145
2472 51878 -323 -483
2473 51347 67 386
2474 50265 -356 -149
2475 54143 14 452
2476 53904 -492 -56
2477 52404 294 143
2478 52580 -364 -278
2479 53906 64 90
2480 51749 -134 -12
2481 53391 160 103
2482 51770 -264 -230
2483 54701 399 338
2484 51701 -59 -471
2485 51091 499 141
2486 50053 -165 -424
2487 53530 419 420
2488 50655 -95 -431
2489 53016 244 57
2490 50653 -351 -253
2491 53973 301 363
2492 52844 -370 -212
2493 52886 52 244
2494 54639 -171 -208
2495 52293 201 146
2496 51510 -319 -124
2497 50260 367 22
2498 52332 -167 -95
2499 51080 15 19
2500 54730 -329 -139
