51908
52419
54055
50801
50238
54195
54331
53584
54477
52943
51159
50780
53116
53838
50382
51796
54508
50672
54664
54145
51524
51718
52122
54342
50247
52867
51730
53748
52000
51353
53776
53556
50924
52532
51698
51855
52807
53525
52046
52355
51518
54050
53237
51169
51686
50741
54140
53966
51292
53591
54600
50328
52272
51341
50945
53555
50981
52748
53876
54578
53751
53565
50744
54119
51114
51906
51790
53069
51336
54088
52359
51088
54077
53861
51280
53097
53958
52457
53815
53595
52413
50835
51367
51187
52371
50705
54547
50132
51437
51908
54191
50950
50961
53331
51844
54428
54294
53021
54706
53816
51010
50526
52259
51399
50922
51079
53958
51514
53077
51058
52012
50908
53578
53647
54763
54415
54546
54667
51478
52244
51922
54596
54204
52707
52256
50730
53118
52829
52147
53759
54468
51069
53216
54927
50876
54370
51675
53184
50341
53559
54290
51016
53621
53392
54401
53948
50377
53415
54040
53915
53732
54934
50298
53458
53324
50262
53310
51394
51312
51759
50250
51227
51314
53229
50758
53284
51776
50151
50547
52824
52129
54322
53528
54492
51161
54044
52044
50806
53514
54858
54086
54767
50420
53718
52929
50180
53489
51657
51730
52095
50826
51346
52698
50161
53324
53358
51123
53683
53100
53268
51178
52258
52128
51231
54101
54747
54423
50869
54301
51858
54996
51651
54447
54849
52010
52330
51112
51545
53798
54582
52591
51143
53287
50819
51550
51463
52215
53928
51424
50683
54397
50348
51484
51608
54123
54887
54566
52844
52695
50791
50135
52911
52140
50343
50699
50746
53686
52487
54792
54138
54504
52360
52021
53422
50334
50816
52365
52473
52094
50839
53326
54069
50502
54336
50530
53090
51649
52294
50179
52355
50213
53102
53093
53646
50256
52955
54183
54690
51457
54247
54089
50829
53106
51245
50501
51722
50099
52518
54490
54597
51685
52908
51339
54431
54393
52404
54523
51292
53563
51391
52035
52572
51404
51068
50246
50218
54729
51092
52572
51156
53903
53835
53953
50745
51362
54652
52978
53216
53518
52022
54886
52101
50929
52221
54725
53919
50712
52829
52418
50979
50399
50994
54299
54549
51086
53013
54434
52712
51921
51253
51666
52181
51931
51437
52155
52078
53849
50685
50484
51200
52742
51295
50887
51892
54618
53089
53742
52880
51637
54436
54163
50645
50560
54116
50323
50104
53364
50273
50131
53422
51483
53734
50980
53081
53862
54502
54286
51545
50687
54666
54545
53278
51574
54816
53409
53371
51645
51128
54270
53105
54456
54350
53295
54000
52912
54014
52050
54098
53183
54202
52952
52856
54688
51175
50676
54127
51561
50153
54384
50904
54682
51026
50278
54614
52476
52993
50649
54031
52152
51013
52720
52587
50588
54089
54974
53691
53825
50905
54510
51985
52367
50990
51416
53389
50231
50650
53563
50136
54760
53162
53430
54809
54223
50207
53243
53238
51071
54480
51075
54126
54537
52300
51179
50216
54036
51433
51579
50928
50347
50876
51778
53639
52254
50655
51244
53512
50715
54559
53409
53782
54454
54236
51450
50099
51836
50030
52409
54142
54200
52845
52706
50599
50398
50574
53356
50229
54890
54188
54842
51042
54258
54092
54077
54304
50808
53676
50280
54141
52549
52898
50459
53910
54243
53082
51301
52920
53908
51913
53685
50152
51238
50053
50979
51522
50910
53695
54192
52699
51746
50178
54326
50004
53142
53553
51109
53493
53414
53617
53632
52660
52703
54179
52826
50383
53591
52875
53331
51179
51471
51917
53573
52337
50266
54748
51332
52772
54848
51860
53780
54410
52236
53697
51831
54200
54106
52599
54670
50016
51420
54316
51865
51884
51377
51764
53495
54215
52529
54465
51394
51193
53566
53325
52911
52214
52618
52479
50139
54729
54879
54498
53930
51549
54088
51647
53046
53502
53132
54685
53749
54983
50042
54473
53136
50359
53540
50833
53411
52537
50752
51951
50150
50745
50633
51352
51506
53964
51212
52793
51238
54011
51534
53210
50117
51970
52660
52840
54271
54726
54394
53464
53366
54110
50904
51865
52248
51208
53896
52689
51378
52075
51785
53775
54260
52802
50423
53621
53986
51221
54012
50992
51374
52039
52175
51699
51461
53961
53580
53711
54273
53771
53103
54566
50923
51441
52048
53958
50020
52058
52377
53808
52055
51887
51178
53786
52912
54023
54576
54476
53785
52355
54453
54855
54550
50790
52678
50635
51166
50143
50202
52002
52695
53271
52332
51974
53968
51739
53616
51889
50169
54215
53045
52481
51933
52997
50695
54823
50104
51312
54603
50942
50592
52187
52395
54543
54228
52403
52945
52234
50829
53973
53953
54797
51387
54563
51819
51218
50457
50644
52379
54038
50099
51944
50271
54052
54642
52330
50476
53640
53686
54237
53148
54600
50830
51640
54613
50684
52833
52327
54260
50842
52003
51330
54801
52267
53548
52281
51528
54798
52515
53538
51811
50726
52463
50720
51761
53752
50006
54288
53827
51581
50760
52953
54091
51348
52908
54708
54214
51807
54027
51379
53119
50819
54729
54406
51866
52546
51026
50121
54246
51223
54192
54081
52916
50448
52194
54180
54711
52495
54221
50403
53716
51233
50827
53889
54571
51158
50843
52267
54918
51769
54919
54520
51321
53470
54712
54061
54273
51684
52198
51356
53437
51383
53103
53160
52875
51741
51782
50091
51330
53188
51036
51109
52535
53358
53368
53431
50115
51938
54613
51730
52564
52476
51780
54772
51823
54781
53124
52088
50717
52390
50788
52289
50753
53046
54702
51106
50409
51861
53749
52270
52670
54018
52847
52736
51225
51540
53712
50653
52194
52179
51699
54742
53320
50064
53768
53597
53694
54166
50551
50665
50572
52962
52284
53207
52343
51673
51726
54134
54525
51250
52030
50970
51232
51196
52309
53662
53966
54455
50372
52387
53104
54111
52689
50916
53073
50093
51300
52659
53084
54573
51486
50256
52022
51164
54633
53400
52439
53716
50612
54329
50421
52228
54525
50366
50749
51873
53399
54708
54970
51104
51210
54010
52885
53529
53026
52695
52106
54297
54934
54490
51103
52116
50237
50913
54441
50385
51840
53036
52029
53936
51227
51368
54970
50482
52317
54242
53722
53792
54586
53997
51668
53500
54066
51002
54178
51980
50466
53573
54902
54812
53259
50281
54490
50887
50220
52668
51479
52005
51389
53372
54805
52494
54462
52536
52892
52200
54561
50711
51306
52787
52720
53408
53481
54562
50393
53934
51668
52910
54968
51554
54067
51812
53336
54018
51031
50774
51795
52536
52322
53580
52126
54018
52967
51491
53862
50810
52266
52798
52608
51017
53181
54090
53455
54357
50388
52083
52375
50976
53090
50578
54407
53066
52743
52994
54776
54903
51475
52690
54269
54100
54252
52770
51976
52765
50772
53249
54333
50322
50065
53736
51720
50845
51740
52170
52051
51486
53228
52039
51540
51349
51131
54350
52884
53371
51652
53319
51307
53423
50851
52987
54383
50272
54822
53217
52730
54929
54970
53387
51464
54319
52953
54312
50023
53253
50236
51248
53151
53653
54383
50892
51639
51211
50665
54767
50716
51567
54129
52843
52157
52236
50778
54732
50969
54532
54328
51737
51250
53217
52362
50785
53581
50137
52731
54255
51544
52681
54603
52021
50681
51254
51560
54240
54876
50841
50792
53491
53591
52911
52368
54196
54667
53747
53981
53992
54612
52845
51463
54913
50592
53288
50656
54339
54817
52471
50921
50665
52446
54734
51020
53720
52944
50756
52047
51646
52548
53463
51597
54406
50998
53049
51807
52773
54757
52337
50729
53983
54885
52072
50653
52142
53299
52772
52355
53866
52569
53626
53015
52356
54012
54625
50456
52894
54687
53282
52620
50559
51913
51932
52548
53473
52614
52620
54489
54168
52411
51478
54399
51237
51370
53292
51162
50445
51816
52114
50142
54604
50496
54535
52774
51522
51831
50197
51385
52972
53754
51175
53538
54100
51290
51790
53501
53405
50496
53126
52876
52898
51027
50292
50428
54411
51667
51487
52589
50955
50724
51086
51284
52648
53540
51041
54277
52500
52471
51123
53931
50157
53593
50662
50517
50568
54941
52557
54253
53586
54120
51541
51907
51428
52445
52773
51390
50124
54308
54432
54689
53464
52417
51139
52318
51197
50347
50827
50920
52043
52243
52806
53123
51959
52637
53676
53297
50593
53878
54613
50698
54245
51350
52898
52988
53816
51546
52277
54253
51046
54192
52613
53470
54115
50539
53424
54689
54517
50676
53041
54650
54012
50466
52947
51016
53311
51530
52737
53508
50701
54828
53274
50458
51059
51339
53281
54998
53606
50510
52789
52257
54681
50318
54715
53371
53196
52315
51609
50807
53834
52432
51980
51542
50658
54047
54444
51408
53567
54176
52963
50204
54405
50597
51197
54347
51881
53988
51567
52026
54988
52168
52264
53701
52089
50978
51016
52990
54263
53842
54330
51156
54358
51216
50579
51353
50886
52793
52158
52827
52623
50736
50375
52147
54256
54345
50852
50127
51583
52869
52282
51489
53772
52785
51002
52053
54434
50553
50176
52434
53243
50883
54282
53688
51340
52806
50517
53682
51852
52845
51306
50772
52197
52569
54659
52628
52713
53550
50665
52618
54109
54484
51976
54643
54536
53501
50279
53753
54717
50688
54599
54064
53455
51774
51396
54193
53653
52384
52427
52312
50303
50122
52075
52382
53010
51039
50017
52458
53279
53975
52214
51456
53126
51078
50016
52187
50063
54658
53828
54053
51237
51520
51965
54016
53050
51297
53791
50325
52594
51315
51195
53110
54718
53909
54620
53209
51594
51445
53787
51125
50544
51690
52468
54130
51859
51648
50748
53423
54586
51783
52805
51723
51833
51696
50571
52830
51365
52233
50681
53999
53397
53338
53493
50540
54895
53208
51018
54412
51726
51316
51982
52710
50994
52472
50332
54314
50907
51212
54652
53035
52795
53969
53587
50233
52789
52828
54688
54259
50875
54130
51504
53903
51812
54048
52517
51958
50784
52056
54986
54125
51259
52862
51718
51307
51354
54483
50719
53600
50853
50469
50407
52407
50022
54524
53706
50878
53575
51886
52359
50156
52261
52353
52846
54985
54693
50035
52197
50655
52921
51088
51989
51387
52085
52284
53950
54270
54123
51986
52353
54821
53677
52453
54959
54398
51301
52659
50855
50438
52887
54578
53116
52375
53103
54378
53538
52655
54114
53285
51935
53515
53267
51001
51006
50216
52829
51306
54218
50700
52731
53124
54170
54400
54468
50889
50103
50791
52568
53213
54006
51609
54203
53410
54288
54132
50271
51242
53569
52225
52938
52818
54781
51758
52812
50770
52316
52382
51999
54490
54363
53019
50033
54989
53885
52245
52548
51527
51851
53266
54867
54341
52470
53773
52307
54801
54407
53362
52625
51670
53655
51161
54078
50490
54904
54134
50595
50754
52393
54474
53504
53062
53003
50775
53428
54303
51334
54772
52620
51034
51455
53661
51401
54114
50543
53319
50750
51678
51044
54829
51380
51528
50976
51659
54760
52229
54771
50682
51386
52753
53201
50320
51554
50656
52242
51705
53409
52072
50659
53622
52246
54986
52589
52046
50258
53608
52176
50266
51796
53640
52275
52394
54072
54581
51735
51253
51961
54688
53651
50208
52797
51466
54956
52403
54168
52443
50155
50833
54274
52837
54472
53624
51806
50361
54956
53809
51008
54108
52718
51429
52771
54903
51080
51317
51012
50191
53060
50015
50482
50737
50367
53451
54213
54109
52085
50358
54103
53339
52718
54500
52705
50742
51419
52163
54748
50150
53821
54491
52589
53083
51348
52020
52646
54822
54764
52770
50890
51111
51742
53262
50161
51869
54177
50307
52985
50248
51938
52738
50787
54869
50564
51976
50915
52397
54491
54572
54432
53348
53441
52503
52218
51513
54890
54352
50643
51376
53935
53307
52677
52714
53600
51559
52943
51967
53500
53874
54575
54583
53899
50119
54279
54848
51515
53719
53728
50217
52730
53794
53537
51127
52684
52906
54844
52563
50081
52494
50605
53203
53049
51051
54298
52476
53346
52786
54525
50453
51382
52483
54451
51847
50979
50643
53827
51630
50026
52141
51661
50469
51475
50624
53706
50083
51138
54995
54069
51210
53156
54764
51693
54086
54739
54500
52126
50384
50815
53806
53865
54314
54573
53398
52831
52275
52089
50605
54870
53054
50690
52940
54349
54018
52514
54061
53438
50292
53189
52375
54756
52311
54387
52520
50707
50021
50553
50006
50189
54943
52563
51184
51347
50853
53007
52307
53457
50467
54355
54954
51023
51766
50820
53918
54421
51108
51806
50106
50416
53757
50934
50005
53447
53839
54228
53164
53422
54415
50143
52732
51975
54958
50937
52174
50419
50529
54953
52536
50407
50986
50531
50187
51561
51294
53286
50447
52956
53966
50754
51724
52329
51126
53484
54043
54319
53415
53697
52321
52930
52345
51775
54875
51209
52971
52280
53574
50282
52605
52193
50928
51149
51089
53500
50327
50089
54984
54817
50646
53266
50092
53706
53841
51581
50345
52974
54048
51081
51885
53645
50160
54444
52939
51914
53175
51902
50325
51365
54073
51355
51333
52304
52519
53453
53349
52014
53257
54887
54988
53256
53172
51934
50158
50106
51547
50326
52483
54998
53363
51134
50601
51320
50378
51776
53130
51803
54133
52399
50865
54759
54709
50808
53877
53736
50356
53221
50788
53503
53437
54880
52599
51371
51285
51656
51565
50178
54630
52362
50406
54414
50590
53600
54417
53363
52145
50648
54596
51314
51962
53193
52515
52747
51016
54552
52761
52213
52076
54114
51414
54483
50175
50418
50944
54415
54661
50543
50743
54498
51979
50490
54513
54055
51675
52278
54090
50958
50052
51670
52368
54658
50427
54748
52251
52988
50482
53077
50897
54857
54207
53436
51763
51342
50814
51361
50246
54646
54912
52008
51872
52292
50489
54150
51555
51511
50142
52453
51265
52410
53182
50992
54799
53681
52596
53791
50700
53012
52863
54340
51319
51083
53685
51635
54673
52541
50599
53705
50644
50233
54465
53544
50173
50480
54602
54180
53023
54275
53308
52396
51443
53588
54402
52494
52258
54412
50929
53470
53357
50704
53485
53210
54878
51081
50767
51113
53384
54334
50906
53217
50325
50952
52652
54108
51073
51137
54525
51029
53280
52993
51986
52907
50688
53373
53855
51257
52387
50647
51637
53403
50099
50089
50225
53604
50568
54861
51348
50044
54418
52200
52729
51856
51673
51231
50509
54961
50046
54051
54177
53305
50860
51645
54858
51138
52726
52663
52350
50503
53066
50443
50210
53686
54008
50016
50587
54649
50064
54750
52549
54332
53658
51463
50789
54358
51924
54416
53757
54340
52190
54572
51923
54157
53906
53639
50424
54533
50625
51462
53303
51150
50674
51253
52863
53676
53994
50104
52417
54194
50834
53241
52552
50928
50690
52653
51298
53080
52757
52158
54585
53985
53351
50698
52024
53116
50883
52599
51864
52597
52338
52334
52576
50711
54449
50079
51830
50046
51137
54263
52339
53461
51170
52056
52974
50212
54050
50498
52644
53356
54962
52023
50920
52703
52120
51156
52669
54648
52142
50873
54330
50669
50555
54870
50740
54720
51821
54412
51007
51029
50321
51296
53687
54648
50155
53319
52843
51114
51733
50882
51613
53630
53052
53517
51017
52908
54190
54673
52301
50726
50631
52870
50748
51335
50245
50660
50483
54145
53220
54703
54677
51486
51315
54563
51875
53954
53289
52806
54737
52596
50149
52865
52568
51667
54033
54255
51533
51945
54162
54567
50222
54159
52840
52656
54518
51913
51279
54219
51916
51745
53799
52820
53293
53844
52234
53653
54280
53640
52460
50036
53450
52566
50765
50035
50166
54540
52249
53978
51111
53462
50638
50210
50787
54823
51224
53208
52440
50546
51794
50220
54674
50887
51928
51182
52801
54939
50414
54594
51992
54716
54103
53550
54828
53363
53531
52873
54089
50821
50299
53094
52509
52909
53736
50534
51570
50087
52970
52957
54729
52743
54931
54903
51043
54942
53271
51462
50677
51262
51120
53019
54733
50811
50475
52808
50327
54728
53796
50144
52773
51553
54593
52777
54354
50251
50581
51920
53604
52523
52196
53323
54329
51769
51436
52079
52377
51692
54470
53245
54168
51960
51088
51403
53070
51579
51383
53551
53937
54018
54436
54337
53762
52071
52223
51955
52857
50030
51646
52545
51008
51476
54076
54978
51741
50380
51136
53302
54916
50017
