1 51306 15614 10922
2 53739 11877 24773
3 54625 18523 19968
4 54539 24692 719
5 54082 29911 25222
6 53114 22258 29294
7 50967 27902 7292
8 52028 30613 28725
9 51019 4463 19383
10 53662 39884 17233
11 50016 21975 42238
12 54252 6248 671
13 51406 4452 43947
14 50373 37909 1286
15 52182 37827 14191
16 53630 44051 43674
17 50315 25585 28845
18 54690 43951 24626
19 50881 37388 6656
20 51848 23717 35661
21 53719 40467 41469
22 54208 17830 11655
23 53841 6106 4468
24 50935 16088 27360
25 51099 11260 313
26 54306 723 3271
27 52656 40765 33133
28 54117 45541 4255
29 54748 8372 26035
30 50062 8781 37862
31 52049 44798 43039
32 51849 21224 32805
33 51493 41602 31453
34 54035 11588 5536
35 53735 48088 13339
36 54209 6176 26151
37 51590 31833 20037
38 52634 15113 22507
39 50136 9393 35324
40 53243 3335 23832
41 52845 18661 38955
42 50138 42762 47796
43 54257 35428 16297
44 51249 38240 9946
45 53984 9466 34403
46 52320 36863 40914
47 54265 38688 19984
48 52031 25846 8765
49 53133 31610 46317
50 50100 39036 1046
51 51782 3516 31305
52 50568 34574 40141
53 50192 28005 11084
54 51653 36035 18607
55 52078 575 36222
56 53708 28403 40818
57 54151 11905 38516
58 53745 47232 1601
59 53246 10147 15592
60 50437 43089 6327
61 52503 43504 36634
62 51998 14520 30600
63 53105 37729 19973
64 51118 35285 9661
65 54236 15377 29684
66 52188 32845 17883
67 50272 38391 43987
68 51192 810 34274
69 53940 19789 32354
70 53988 15129 14625
71 52334 38900 26222
72 51930 41124 45771
73 51819 10562 16894
74 51315 48632 28018
75 54761 7513 14969
76 53765 32944 29990
77 50137 46721 25115
78 52024 6648 38975
79 50582 32965 42663
80 51390 20588 15242
81 50765 33274 30409
82 52489 35408 25124
83 53192 29892 20160
84 52733 45326 34752
85 53495 39698 28394
86 54215 25698 32593
87 52055 10930 21092
88 54879 7213 46640
89 52426 17984 43326
90 53348 12094 24179
91 53026 2319 17667
92 52585 21685 12664
93 51327 46670 37360
94 52608 6543 10958
95 50999 34329 45312
96 54648 21157 48520
97 51165 30409 38073
98 51558 27801 13228
99 53349 48016 26070
100 51132 14643 5760
101 53957 45264 16458
102 51999 44475 8563
103 54794 15702 29904
104 51279 33471 3590
105 53960 41670 48284
106 53190 1842 14532
107 50096 12633 13131
108 50310 11084 13687
109 50806 41351 37332
110 50041 39742 23408
111 53856 10649 42414
112 54149 35362 4978
113 51340 9655 12243
114 54272 40208 3304
115 53802 25574 25156
116 50721 19626 28097
117 53681 2895 44000
118 50124 30633 41910
119 53040 15403 10921
120 53891 34025 26695
121 50758 526 38993
122 53305 29354 41816
123 52088 29510 43191
124 54582 39684 39855
125 50673 15655 47783
126 54718 10451 17258
127 51380 39880 32334
128 51388 35652 566
129 52827 37658 13523
130 50793 46272 5897
131 51503 48575 18099
132 52957 10246 3656
133 53549 26949 12032
134 52672 27060 26377
135 51527 31176 25158
136 50781 1393 46179
137 52336 4240 24636
138 51161 28199 48372
139 51287 10879 38650
140 51443 20747 43342
141 54267 40372 36824
142 52252 46079 8589
143 51851 16669 20545
144 52643 14285 14448
145 54799 28925 30996
146 53008 44102 48586
147 53786 8769 43171
148 53210 46913 30576
149 52735 3229 17898
150 50561 30730 32828
151 54124 2168 33526
152 53030 37632 17920
153 51724 29350 12750
154 51811 35799 26595
155 53404 42383 3976
156 54474 8767 11543
157 50455 13618 32960
158 51678 7092 17141
159 50022 4009 48463
160 53451 10066 2069
161 51435 36239 31198
162 51140 32481 14539
163 54704 33120 3299
164 54998 39523 38301
165 52454 32862 15115
166 51938 23022 42575
167 53216 1284 27728
168 51507 41385 28572
169 50364 33625 380
170 51558 8281 36052
171 51077 23212 23664
172 54429 43054 27751
173 54753 24473 27723
174 50926 8183 22837
175 51680 7843 15270
176 50847 7812 15899
177 50893 43776 38321
178 51721 17506 39154
179 52792 15372 39579
180 54473 26271 43903
181 53561 17514 25234
182 54948 31900 2106
183 50447 13 36591
184 54276 26026 12037
185 54542 14230 34779
186 50232 6631 14125
187 53771 27109 11566
188 54707 15072 24208
189 52118 45709 36366
190 51726 47687 18968
191 52612 14758 31514
192 53504 14805 17419
193 54992 13900 20244
194 54175 25886 46922
195 51663 24878 37280
196 51314 38620 36985
197 52946 32948 360
198 53543 6578 35180
199 54596 19092 30824
200 54965 9370 5497
201 53964 37951 21067
202 51740 9061 30621
203 54443 6379 36199
204 51676 29760 31264
205 52032 31120 22209
206 52490 40984 42549
207 50356 29931 11558
208 52838 22553 35398
209 51665 22230 14476
210 50464 24555 2471
211 50366 29875 37978
212 52629 47774 35273
213 53371 46409 11437
214 53467 10079 20153
215 53566 6034 10247
216 50903 38703 26890
217 54372 2984 1199
218 50426 19167 45547
219 53731 5646 19665
220 50875 18732 3313
221 53129 19803 34027
222 51638 19067 24310
223 52712 20939 10530
224 53031 10407 43759
225 51674 39158 44017
226 54091 27416 4330
227 50446 36301 7197
228 53102 11699 46879
229 53515 30958 46686
230 54552 4230 16630
231 54367 26679 12502
232 51775 25522 15768
233 51690 39651 26402
234 51647 47291 23221
235 53031 14623 33402
236 52705 10156 9815
237 51656 15999 26282
238 51642 14734 33440
239 50436 16938 46604
240 52557 31051 31012
241 54421 9187 27503
242 53500 18549 45756
243 50384 6215 33538
244 51361 8142 15517
245 52053 5224 28506
246 53537 29 37300
247 50757 22751 45127
248 51346 25609 8139
249 53697 44905 7786
250 53689 19326 3517
251 53131 21546 19400
252 53140 1838 22558
253 50183 11888 31730
254 50343 26950 11360
255 54801 36531 1280
256 53802 29958 45591
257 52240 6675 15058
258 53277 27786 36710
259 50765 94 12956
260 54272 18615 37403
261 51561 31303 12104
262 54958 35099 15609
263 52422 12511 35704
264 50785 35686 2159
265 54952 4233 45389
266 52318 12071 28709
267 54836 5169 16202
268 53227 14515 2162
269 50280 46590 23459
270 54243 30187 42225
271 53893 32730 16217
272 54738 4238 12112
273 50979 23057 15837
274 52819 6881 41716
275 50342 9997 44729
276 51139 38913 38237
277 53823 38972 23725
278 53511 26691 29907
279 50756 10798 27488
280 53729 28229 38977
281 51018 14163 4423
282 51117 774 16483
283 52409 25181 5531
284 51476 43411 27115
285 51895 38289 2272
286 50198 14123 19157
287 50756 19806 37084
288 53085 27449 40149
289 50679 25717 26919
290 52768 132 19154
291 51595 30677 23898
292 51182 25573 45264
293 51784 34814 44131
294 53991 31283 21016
295 53259 26347 39818
296 53605 48256 42203
297 52708 41670 21615
298 51270 15588 40097
299 50652 22909 35061
300 52580 34505 37285
301 54100 10417 39935
302 54701 2409 9592
303 50591 4495 15119
304 54792 42581 38897
305 54356 32654 12994
306 50590 9470 41785
307 50145 4841 48223
308 54650 41215 32947
309 50553 17083 20429
310 51254 11949 46870
311 51597 48190 39362
312 54519 30035 37201
313 52887 10179 44105
314 51570 41909 16980
315 53126 5006 20390
316 50402 7468 5212
317 53362 38483 20242
318 53835 8392 22532
319 51713 2271 35982
320 54462 17278 23275
321 52236 7478 38354
322 50729 15615 37776
323 52747 26246 814
324 54610 30345 35844
325 51393 14908 40384
326 54986 35360 11007
327 50954 17727 40599
328 52954 15087 43533
329 54088 42544 4053
330 52161 18892 19565
331 51399 31020 1795
332 52319 14563 10652
333 53928 15732 23761
334 53090 11377 34785
335 53099 7296 4060
336 51803 1787 2655
337 51392 2080 40638
338 52129 5526 9120
339 54792 44438 14004
340 52368 13764 47735
341 53205 34627 22509
342 51656 28512 6504
343 50541 29992 36746
344 50098 12346 26789
345 52898 20928 32557
346 52008 10398 36677
347 53951 21778 22356
348 51621 30790 19848
349 53675 36047 9594
350 53042 23305 21389
351 52970 15091 39923
352 54036 40055 33049
353 54440 8202 24570
354 50158 12664 27809
355 53748 42261 24891
356 52365 40977 3227
357 53277 967 5581
358 50625 21631 4742
359 54303 30417 35980
360 50541 13946 22510
361 52278 7286 24877
362 54048 46122 30094
363 54751 32212 2311
364 52449 33559 5520
365 51093 44192 2637
366 53813 33660 42173
367 50354 17248 42536
368 50645 32522 14330
369 53622 9422 25603
370 51253 40765 45480
371 50689 15394 8477
372 52761 40312 42996
373 53100 32968 9532
374 51679 11655 30033
375 52501 14544 46204
376 52567 27049 12117
377 52733 27134 35249
378 54363 20524 38689
379 54774 11512 8236
380 52698 26049 42834
381 54209 36744 25860
382 52450 30868 35347
383 53791 34790 48789
384 51616 33376 11480
385 52702 43502 29851
386 51569 46573 46480
387 54170 11565 22593
388 54462 47642 36386
389 54892 15203 4282
390 50262 14620 20133
391 50731 48000 28277
392 50037 22727 36660
393 53811 10481 10806
394 53534 35878 5693
395 53055 24743 8556
396 52994 41147 24756
397 52374 10599 4282
398 54056 6867 14711
399 50886 43145 15386
400 51971 27146 41186
401 51061 27745 40442
402 51071 25792 6205
403 52675 38626 38573
404 54856 48731 37171
405 51022 37782 4804
406 52925 33192 5483
407 50317 29997 6717
408 50871 22416 6209
409 54535 38872 1893
410 51510 43779 14059
411 50345 38206 27032
412 53706 46803 46802
413 53685 36148 19988
414 51067 22432 39325
415 50214 1549 43216
416 51293 47082 46629
417 54447 2214 6626
418 53326 37664 20465
419 53269 11074 27607
420 52124 42873 43104
421 54995 41634 1875
422 52801 13802 29966
423 52538 17682 28804
424 54613 45007 2861
425 51998 36439 39096
426 53385 24451 40201
427 53172 30869 35491
428 54940 11619 41415
429 54498 34110 42707
430 52410 33620 29839
431 51645 23277 22521
432 53347 12551 25630
433 53502 8784 26627
434 50446 37843 16292
435 50718 9157 20217
436 50227 37543 36927
437 51409 5854 31781
438 51322 6516 32198
439 52858 22005 29908
440 54202 47188 16671
441 50709 2596 32406
442 51305 28653 47869
443 52123 40796 2577
444 51058 29693 35467
445 53221 35380 44157
446 53261 37158 8512
447 52202 33640 32122
448 51496 15911 4720
449 53116 6944 10371
450 54544 26198 16707
451 52083 31024 15386
452 52768 34370 616
453 50507 41351 24047
454 51751 17805 42281
455 54719 34549 4038
456 53740 42708 2346
457 52748 11930 44613
458 54593 39332 35827
459 52808 24002 5219
460 53910 20477 39517
461 50299 6402 7153
462 52572 44969 30702
463 51913 31798 16986
464 51604 16856 29886
465 54834 15007 45967
466 54990 44207 5396
467 53683 39589 45581
468 54961 27827 24435
469 53451 26624 43702
470 53867 35574 17330
471 52876 9860 34762
472 53205 48727 4835
473 54223 27724 46762
474 50382 3696 5776
475 54273 28020 21017
476 52576 8148 32062
477 52632 33842 41464
478 52213 15957 46839
479 51220 38261 39869
480 54891 29103 42954
481 52054 32323 26329
482 51910 42602 10660
483 53993 21231 8629
484 54726 4827 27147
485 54399 15228 32292
486 54980 11210 34731
487 53807 10080 6662
488 53578 15833 22358
489 52693 39720 31239
490 52662 33064 22607
491 50485 25605 34457
492 53123 15389 37490
493 54633 11368 13839
494 54420 18901 21600
495 52579 7741 42965
496 52228 9371 36287
497 53713 39928 37427
498 54296 28448 8244
499 52815 14239 37128
500 53696 24349 9973
501 52423 463 269
502 52505 -284 -254
503 50073 107 452
504 53382 -41 -243
505 53961 325 286
506 52487 -470 -346
507 51156 145 466
508 54902 -36 -156
509 54289 399 297
510 51875 -409 -73
511 50985 349 137
512 52190 -433 -419
513 54196 264 248
514 54810 -247 -40
515 50567 85 379
516 53363 -243 -121
517 52341 300 223
518 53783 -461 -430
519 50213 254 10
520 53075 -394 -14
521 54554 245 182
522 50460 -243 -448
523 54290 240 426
524 51437 -149 -360
525 51269 163 33
526 50995 -147 -323
527 53509 72 208
528 54213 -173 -69
529 52490 340 198
530 53240 -134 -316
531 50641 477 147
532 53170 -320 -101
533 53472 479 207
534 50501 -362 -211
535 54796 78 86
536 51038 -400 -115
537 51567 300 367
538 53216 -480 -366
539 54408 396 495
540 50895 -5 -424
541 53396 16 381
542 50223 -402 -438
543 53424 164 56
544 53391 -24 -48
545 52921 495 227
546 50441 -403 -300
547 50178 413 447
548 50639 -54 -73
549 52124 46 370
550 52851 -304 -76
551 53563 385 130
552 53902 -193 -245
553 52712 112 331
554 54881 -47 -227
555 51903 446 449
556 50712 -469 -297
557 54407 331 196
558 51594 -302 -201
559 51559 66 253
560 50610 -28 -14
561 53834 115 31
562 54343 -7 -80
563 51120 72 147
564 53211 -204 -364
565 50457 236 61
566 53121 0 -452
567 51420 365 348
568 53119 -417 -127
569 50569 436 345
570 50310 -472 -12
571 53512 125 433
572 50630 -97 -458
573 54460 294 490
574 52666 -30 -322
575 51555 436 485
576 54940 -460 -88
577 52078 240 63
578 50669 -394 -4
579 53646 497 336
580 51454 -11 -87
581 50645 213 67
582 52075 -258 -87
583 50187 362 285
584 52111 -163 -1
585 53108 210 125
586 50207 -227 -357
587 53627 396 298
588 50141 -80 -491
589 53749 154 363
590 52127 -481 -238
591 51862 399 256
592 54190 -164 -177
593 54129 156 439
594 53568 -199 -176
595 50698 380 449
596 53562 -413 -235
597 52095 126 4
598 53713 -312 -218
599 51636 298 89
600 51040 -463 -27
601 53874 18 465
602 53917 -50 -34
603 51835 468 278
604 52234 -452 -346
605 51892 381 238
606 54241 -235 -425
607 50269 140 19
608 50302 -308 -15
609 53291 138 394
610 52645 -204 -89
611 53932 69 293
612 50766 -41 -56
613 54566 402 265
614 53411 -331 -466
615 51595 4 9
616 50477 -499 -378
617 52419 111 179
618 53801 -409 -296
619 50030 21 317
620 52441 -365 -237
621 54981 419 72
622 50300 -57 -238
623 52610 155 425
624 51033 -175 -1
625 52335 91 460
626 50955 -404 -457
627 53131 123 141
628 50884 -366 -91
629 51298 55 112
630 52805 -140 -463
631 50222 364 23
632 53440 -110 -238
633 53278 286 236
634 53615 -36 -307
635 52776 301 343
636 50211 -45 -139
637 54411 371 68
638 51407 -110 -433
639 50037 141 85
640 51077 -330 -22
641 51459 145 249
642 52752 -207 -476
643 50865 301 371
644 51644 -56 -154
645 54261 104 105
646 51565 -256 -77
647 54523 271 61
648 52600 -7 -353
649 53678 405 190
650 50785 -226 -234
651 52767 135 463
652 53633 -77 -252
653 54718 23 421
654 51022 -303 -295
655 50991 314 350
656 53496 -187 -228
657 54965 263 479
658 52677 -429 -29
659 50165 380 409
660 51817 -165 -227
661 52280 223 445
662 54931 -52 -409
663 54320 29 152
664 51555 -63 -37
665 52808 416 312
666 54666 -321 -163
667 53728 483 461
668 54603 -224 -244
669 51216 121 99
670 52841 -307 -402
671 52117 463 213
672 50342 -395 -450
673 51042 216 259
674 51312 -197 -136
675 51934 58 289
676 52364 -43 -240
677 51557 371 303
678 50516 -192 -179
679 52937 222 92
680 54749 -65 -53
681 54240 392 344
682 53439 -104 -185
683 54118 453 171
684 50128 -438 -25
685 54505 444 17
686 54027 -481 -137
687 51776 125 172
688 50975 -308 -142
689 51518 226 391
690 53589 -209 -439
691 53208 474 263
692 50846 -242 -447
693 50433 55 340
694 52744 -123 -67
695 52391 341 226
696 51082 -490 0
697 50623 396 173
698 52800 -263 -300
699 54516 205 249
700 50340 -453 -94
701 50349 55 175
702 54032 -475 -268
703 51168 437 318
704 50962 -63 -446
705 54371 421 203
706 52927 -463 -68
707 53575 75 1
708 50406 -494 -78
709 54034 144 259
710 53608 -57 -210
711 52050 12 135
712 54616 -105 -373
713 53634 22 176
714 51471 -438 -428
715 51661 188 282
716 52594 -414 -106
717 50376 265 193
718 52970 -39 -445
719 52305 286 369
720 50729 -488 -297
721 52253 127 265
722 54885 -38 -53
723 53085 244 462
724 51653 -106 -104
725 51545 280 322
726 55000 -35 -342
727 50143 465 145
728 54797 -433 -462
729 50416 43 66
730 52817 -331 -117
731 51688 443 246
732 50130 -40 -385
733 51113 450 375
734 54636 -338 -176
735 53560 343 129
736 53890 -68 -195
737 54189 208 11
738 51043 -159 -292
739 54328 274 383
740 53972 -250 -172
741 54184 92 359
742 50050 -71 -355
743 51789 185 143
744 52117 -451 -143
745 52599 218 377
746 52144 -454 -200
747 50238 465 289
748 53629 -307 -154
749 51732 291 395
750 51634 -333 -269
751 54289 300 466
752 51850 -159 -443
753 53424 114 341
754 51473 -300 -285
755 54489 404 470
756 53820 -342 -458
757 51696 151 66
758 53147 -223 -106
759 53610 368 36
760 53581 -328 -334
761 52768 457 155
762 51352 -312 -312
763 52265 362 171
764 50272 -103 -327
765 53450 25 167
766 52964 -444 -22
767 54202 409 365
768 52533 -222 -213
769 50640 131 156
770 52053 -415 -424
771 53259 188 437
772 51279 -46 -208
773 51671 130 43
774 54815 -385 -245
775 54328 237 425
776 54301 -352 -219
777 51309 102 4
778 50453 -90 -144
779 52487 490 114
780 52239 -304 -420
781 52391 377 78
782 54356 -331 -290
783 54188 61 93
784 53683 -358 -46
785 51369 480 128
786 52693 -23 -1
787 53003 70 290
788 54651 -233 -94
789 51524 267 209
790 50718 -150 -419
791 53727 215 255
792 50522 -447 -278
793 52303 464 242
794 50631 -199 -15
795 51966 28 386
796 54494 -486 -157
797 50006 217 2
798 50864 -167 -161
799 50427 351 31
800 52526 -25 -212
801 54792 324 111
802 53268 -212 -249
803 54452 78 305
804 51108 -261 -101
805 52825 84 96
806 52788 -481 -46
807 52414 390 99
808 53250 -298 -345
809 54017 437 98
810 50395 -335 -78
811 52647 128 93
812 54940 -121 -61
813 51755 467 53
814 51965 -33 -355
815 53826 305 490
816 51801 -198 -3
817 52968 84 300
818 53633 -199 -312
819 53384 410 471
820 50178 -89 -251
821 50596 496 258
822 51390 -170 -355
823 54227 490 437
824 50573 -311 -281
825 54641 20 80
826 51877 -351 -137
827 51836 138 49
828 50494 -93 -51
829 54940 221 333
830 51093 -170 -215
831 51114 375 495
832 50910 -97 -422
833 53103 83 319
834 53202 -351 -155
835 53853 375 27
836 50983 -486 -326
837 51888 144 431
838 54508 -34 -346
839 53582 164 382
840 52284 -360 -202
841 52462 219 359
842 50029 -488 -498
843 54698 116 194
844 53162 -185 -369
845 54020 192 184
846 54347 -7 -276
847 52363 292 438
848 50326 -180 -462
849 52042 150 149
850 52062 -18 -352
851 54992 166 18
852 52704 -307 -305
853 50653 406 453
854 53085 -434 -31
855 53299 196 48
856 52261 -51 -427
857 51261 49 257
858 51928 -167 -168
859 53492 305 361
860 51294 -7 -83
861 52064 172 342
862 52993 -142 -105
863 54573 278 367
864 53986 -406 -269
865 54778 67 85
866 50933 -487 -262
867 52729 85 474
868 53234 -332 -20
869 54922 181 214
870 52761 -410 -56
871 52613 352 198
872 53121 -196 -331
873 50428 323 93
874 53906 -318 -86
875 51114 428 343
876 54703 -356 -89
877 52914 168 424
878 53397 -24 -392
879 54088 32 290
880 54256 -233 -387
881 50680 63 408
882 52417 -451 -444
883 52192 462 18
884 52096 -498 -366
885 50457 174 62
886 51189 -113 -224
887 50714 173 181
888 50783 -165 -370
889 54731 421 330
890 51127 -217 -140
891 51996 337 242
892 52062 -247 -456
893 53332 39 111
894 53287 -353 -401
895 50442 51 353
896 52797 -416 -437
897 54848 403 95
898 50016 -381 -4
899 52706 365 397
900 51561 -167 -179
901 51169 291 434
902 50843 -380 -136
903 51155 382 166
904 54649 -97 -487
905 53934 285 101
906 50854 -308 -228
907 52715 39 47
908 54736 -256 -496
909 51689 274 149
910 54837 -436 -469
911 53506 498 195
912 51621 -428 -339
913 53590 308 88
914 52099 -377 -328
915 52524 8 402
916 52356 -308 -212
917 51286 49 83
918 54203 -40 -370
919 54315 443 422
920 52687 -416 -282
921 52135 453 192
922 50769 -434 -76
923 54848 357 168
924 53088 -482 -361
925 50593 312 80
926 53487 -132 -362
927 54672 83 113
928 54737 -443 -151
929 53434 491 316
930 50100 -101 -358
931 54396 399 83
932 54656 -420 -350
933 50316 46 192
934 52466 -109 -137
935 52717 74 263
936 51278 -52 -141
937 50791 131 491
938 53164 -171 -319
939 51709 434 441
940 51883 -84 -212
941 50801 208 247
942 53052 -207 -202
943 50445 154 389
944 50609 -203 -355
945 53596 291 370
946 53473 -268 -73
947 50791 404 354
948 53029 -44 -45
949 52664 238 130
950 51321 -431 -346
951 52976 312 444
952 51634 -195 -271
953 54536 368 430
954 50967 -135 -332
955 54051 224 176
956 52937 -413 -130
957 53005 84 431
958 51141 -397 -61
959 54163 398 0
960 52416 -481 -259
961 54773 245 263
962 50731 -203 -21
963 50867 417 147
964 54716 -202 -162
965 50112 314 404
966 51684 -231 -383
967 51276 187 252
968 51290 -487 -357
969 51512 288 339
970 50183 -342 -310
971 51879 389 491
972 51075 -181 -465
973 52003 185 331
974 50751 -491 -69
975 54294 111 68
976 51078 -299 -491
977 50351 182 344
978 52707 -231 -474
979 54071 453 303
980 52109 -324 -89
981 52992 421 311
982 51983 -194 -108
983 52720 307 370
984 53350 -27 -205
985 53928 294 496
986 54903 -131 -137
987 50632 175 354
988 54866 -368 -90
989 50130 169 166
990 54289 -414 -218
991 54740 453 401
992 54486 -22 -326
993 53049 121 160
994 53783 -274 -142
995 52507 50 272
996 53973 -369 -268
997 51646 398 283
998 50490 -331 -492
999 52382 155 423
1000 52720 -498 -3
1001 54228 9 480
1002 50569 -235 -419
1003 54490 437 359
1004 53098 -390 -98
1005 50195 68 238
1006 53289 -153 -359
1007 50154 359 396
1008 50075 -260 -415
1009 53563 96 458
1010 54517 -98 -303
1011 50388 163 232
1012 51441 -304 -265
1013 54900 48 140
1014 52304 -479 -452
1015 52569 234 298
1016 54002 -19 -199
1017 50212 15 22
1018 54473 -378 -460
1019 53883 275 344
1020 50012 -299 -111
1021 53649 90 233
1022 52524 -460 -407
1023 50571 165 117
1024 53261 -62 -165
1025 50582 160 307
1026 52644 -221 -241
1027 51676 26 93
1028 53535 -419 -98
1029 54306 123 83
1030 51560 -16 -280
1031 50695 60 139
1032 53203 -5 -265
1033 54448 323 32
1034 54915 -441 -31
1035 50579 248 60
1036 51399 -400 -439
1037 54533 23 309
1038 50438 -499 -440
1039 54153 49 407
1040 53839 -235 -130
1041 52321 94 476
1042 50228 -68 -449
1043 53919 234 317
1044 54320 -108 -410
1045 53554 153 167
1046 52771 -138 -231
1047 50469 218 117
1048 51116 -166 -40
1049 50610 272 146
1050 51280 -484 -460
1051 52381 363 203
1052 53800 -32 -190
1053 51250 351 322
1054 52626 -206 -350
1055 52726 113 456
1056 54984 -205 -489
1057 53431 393 390
1058 52082 -10 -117
1059 51960 5 415
1060 50297 -72 -374
1061 52461 195 29
1062 51785 -472 -398
1063 54510 248 308
1064 52684 -290 -349
1065 53687 42 320
1066 53547 -263 -387
1067 53089 140 463
1068 54360 -185 -475
1069 54958 297 97
1070 52336 -293 -418
1071 52771 465 32
1072 54159 -112 -241
1073 52696 426 79
1074 53558 -20 -256
1075 52022 209 298
1076 51644 -463 -404
1077 54885 39 36
1078 53279 -380 -26
1079 51587 426 458
1080 53775 -53 -341
1081 51819 3 71
1082 50953 -169 -466
1083 51573 185 415
1084 54503 -416 -393
1085 52276 304 487
1086 50173 -252 -484
1087 50934 15 352
1088 53906 -337 -288
1089 54274 182 440
1090 50001 -479 -99
1091 53442 114 304
1092 54922 -484 -339
1093 54164 481 226
1094 50759 -168 -313
1095 50521 438 366
1096 50682 -356 -80
1097 51695 383 487
1098 50632 -453 -23
1099 50115 257 496
1100 53875 -486 -73
1101 50790 333 143
1102 50030 -238 -454
1103 51857 350 326
1104 51784 -175 -50
1105 54226 392 77
1106 51233 -287 -422
1107 51558 352 13
1108 54774 -173 -111
1109 54621 28 264
1110 53711 -149 -333
1111 53276 353 399
1112 54008 -153 -61
1113 51946 35 216
1114 50853 -106 -293
1115 54961 457 260
1116 51536 -362 -234
1117 51288 367 380
1118 50861 -114 -415
1119 53721 405 156
1120 53721 -4 -217
1121 50676 423 64
1122 52359 -286 -350
1123 50686 407 457
1124 50688 -204 -134
1125 52602 61 494
1126 53734 -77 -141
1127 54673 308 46
1128 54871 -280 -461
1129 54626 249 293
1130 50830 0 -25
1131 52754 167 428
1132 54816 -206 -313
1133 54483 453 176
1134 53495 -60 -370
1135 51075 195 76
1136 54725 -189 -54
1137 52793 67 63
1138 50513 -262 -136
1139 51403 17 377
1140 50743 -360 -463
1141 50931 216 82
1142 54373 -73 -332
1143 52462 287 23
1144 50651 -91 -147
1145 54074 487 269
1146 53226 -236 -305
1147 52764 179 196
1148 50491 -72 -483
1149 51009 431 463
1150 52866 -357 -172
1151 53184 335 54
1152 53204 -97 -255
1153 54447 352 112
1154 50499 -312 -463
1155 52240 180 203
1156 52147 -229 -484
1157 53081 444 486
1158 52884 -89 -463
1159 51631 267 407
1160 51311 -310 -137
1161 52484 437 253
1162 50719 -283 -236
1163 54527 203 116
1164 54999 -380 -90
1165 51956 475 348
1166 53916 -391 -430
1167 53518 219 16
1168 54126 -20 -19
1169 52209 154 486
1170 50358 -299 -435
1171 51278 493 169
1172 53215 -60 -418
1173 54991 110 111
1174 52662 -337 -219
1175 51301 404 477
1176 53359 -303 -335
1177 54126 435 221
1178 54890 -413 -264
1179 51845 438 314
1180 51769 -126 -203
1181 51127 477 26
1182 53572 -89 -238
1183 54526 94 237
1184 53267 -293 -5
1185 53975 472 44
1186 50146 -32 -291
1187 54220 220 84
1188 52766 -139 -498
1189 53925 463 49
1190 53986 -303 -55
1191 50714 51 23
1192 51565 -310 -153
1193 51585 442 104
1194 50263 -216 -19
1195 54475 449 494
1196 51942 -456 -56
1197 51954 449 14
1198 51613 -219 -107
1199 52456 454 156
1200 50317 -298 -158
1201 54506 310 242
1202 52735 -243 -125
1203 53699 231 211
1204 53626 -376 -95
1205 50872 95 172
1206 53700 -477 -370
1207 52376 443 192
1208 50537 -15 -125
1209 54810 337 427
1210 51927 -416 -96
1211 51572 397 164
1212 51299 -121 -401
1213 50611 460 178
1214 50328 -461 -476
1215 52742 54 60
1216 52383 -125 -94
1217 53211 353 188
1218 51520 -150 -40
1219 52522 103 354
1220 52244 -362 -120
1221 51414 113 13
1222 51018 -110 -147
1223 53197 150 411
1224 54592 -227 -7
1225 51893 377 91
1226 51680 -290 -15
1227 51117 95 302
1228 52490 -353 -36
1229 54153 59 133
1230 52552 -291 -163
1231 53391 295 24
1232 52824 -193 -279
1233 54337 32 282
1234 51654 -61 -207
1235 52304 34 142
1236 50936 -489 -137
1237 50331 393 111
1238 50242 -31 -149
1239 52321 435 22
1240 53273 -98 -496
1241 52118 341 283
1242 50474 -165 -390
1243 50590 262 338
1244 51914 -284 -218
1245 51408 396 361
1246 51317 -68 -13
1247 52883 314 152
1248 52475 -414 -474
1249 53547 340 183
1250 53475 -121 -404
1251 53291 285 230
1252 54475 -353 -129
1253 52610 441 177
1254 54120 -137 -345
1255 50861 180 273
1256 54450 -405 -332
1257 50466 499 146
1258 54216 -489 -306
1259 50286 249 110
1260 53254 -65 -96
1261 53293 447 402
1262 54055 -354 -478
1263 52263 371 489
1264 53372 -255 -110
1265 52518 357 23
1266 53369 -274 -278
1267 51681 337 230
1268 54769 -25 -225
1269 53962 477 102
1270 54345 -340 -401
1271 52856 107 223
1272 53281 -112 -365
1273 52025 2 419
1274 50458 -178 -384
1275 54066 55 98
1276 50836 -353 -482
1277 53820 387 475
1278 54876 -243 -498
1279 51575 153 201
1280 53089 -102 -375
1281 54495 151 311
1282 53502 -134 -388
1283 51862 39 335
1284 53003 -302 -127
1285 53471 408 197
1286 52065 -480 -474
1287 51683 171 19
1288 51513 -332 -85
1289 50919 205 58
1290 53718 -400 -302
1291 51545 330 198
1292 54310 -205 -18
1293 53782 344 169
1294 50367 -463 -477
1295 54465 96 272
1296 51337 -174 -266
1297 51127 274 430
1298 54040 -282 -116
1299 54806 464 172
1300 51292 -363 -70
1301 50976 227 378
1302 53514 -136 -434
1303 51884 419 252
1304 54311 -371 -221
1305 53737 280 206
1306 52278 -90 -351
1307 54658 405 238
1308 51826 -48 -498
1309 52313 202 12
1310 54172 -143 -357
1311 50017 254 228
1312 54769 -84 -179
1313 51624 493 494
1314 53680 -482 -257
1315 51945 186 292
1316 50024 -429 -384
1317 53827 206 488
1318 53292 -128 -53
1319 53977 325 54
1320 52961 -112 -321
1321 54387 168 450
1322 50396 -286 -157
1323 52717 38 305
1324 54760 -370 -382
1325 50993 154 281
1326 54373 -219 -249
1327 53149 327 169
1328 50636 -378 -190
1329 53336 198 70
1330 51011 -358 -413
1331 52467 312 362
1332 54725 -111 -402
1333 53544 240 243
1334 54860 -365 -152
1335 50667 153 241
1336 50804 -244 -181
1337 52449 245 143
1338 51863 -36 -8
1339 50091 96 306
1340 54662 -96 -122
1341 53356 393 32
1342 52649 -263 -282
1343 52696 442 287
1344 53646 -413 -71
1345 53269 302 225
1346 51309 -34 -363
1347 51609 96 237
1348 53650 -84 -321
1349 53785 55 28
1350 54201 -90 -378
1351 51277 326 240
1352 52094 -449 -127
1353 51582 237 78
1354 52528 -50 -281
1355 52625 178 76
1356 50045 -463 -100
1357 52835 239 164
1358 53398 -154 -431
1359 51676 66 151
1360 52866 -380 -36
1361 54142 23 354
1362 51151 -125 -156
1363 53565 481 444
1364 52753 -194 -418
1365 54267 400 67
1366 51946 -99 -103
1367 50633 13 439
1368 52063 -33 -457
1369 54370 426 365
1370 52988 -45 -283
1371 51706 0 44
1372 53002 -356 -255
1373 50750 198 290
1374 54826 -240 -482
1375 50031 366 19
1376 51929 -416 -488
1377 54212 163 200
1378 50726 -192 -431
1379 54198 221 93
1380 54667 -365 -111
1381 50882 299 432
1382 51389 -476 -312
1383 51598 229 206
1384 51418 -283 -23
1385 52573 304 394
1386 52619 -127 -149
1387 52405 62 362
1388 50542 -272 -228
1389 51097 464 443
1390 54231 -336 -472
1391 54354 246 310
1392 51844 -186 -83
1393 54715 203 240
1394 51827 -427 -206
1395 51937 353 125
1396 54793 -474 -320
1397 51387 437 397
1398 53855 -20 -459
1399 52025 481 327
1400 54245 -5 -207
1401 51001 298 292
1402 52415 -425 -15
1403 54712 289 127
1404 53688 -335 -234
1405 50121 267 376
1406 50956 -115 -204
1407 53589 383 300
1408 52738 -169 -366
1409 51002 57 24
1410 52647 -417 -14
1411 54822 8 107
1412 54480 -238 -256
1413 53304 285 128
1414 50103 -62 -61
1415 52275 436 217
1416 52408 -8 -53
1417 52355 292 230
1418 51453 -41 -359
1419 52083 24 407
1420 50594 -208 -221
1421 51690 71 277
1422 50527 -273 -17
1423 51247 210 487
1424 53214 -252 -170
1425 53601 14 291
1426 50973 -421 -417
1427 50238 236 182
1428 51391 -271 -12
1429 50621 357 268
1430 54724 -345 -320
1431 51818 388 172
1432 54951 -108 -178
1433 54834 48 495
1434 52828 -126 -283
1435 51568 333 249
1436 51211 -343 -251
1437 53885 349 3
1438 54313 -219 -80
1439 53874 445 272
1440 51861 -9 -1
1441 52804 169 14
1442 54903 -462 -387
1443 53410 158 59
1444 53016 -119 -240
1445 50298 188 295
1446 51397 -358 -460
1447 53022 97 146
1448 54753 -117 -410
1449 52488 352 225
1450 51417 -343 -489
1451 54735 488 390
1452 54346 -354 -399
1453 51648 291 4
1454 50698 -49 -385
1455 50069 269 21
1456 53448 -6 -207
1457 51131 46 476
1458 51711 -55 -114
1459 54800 49 77
1460 52996 -329 -396
1461 51017 304 182
1462 53780 -319 -152
1463 54527 157 394
1464 51520 -40 -35
1465 52463 37 96
1466 50616 -406 -14
1467 53328 227 337
1468 50728 -93 -106
1469 54566 35 407
1470 52084 -413 -490
1471 50974 402 194
1472 50303 -84 -5
1473 53067 300 104
1474 53989 -96 -38
1475 54777 24 369
1476 53603 -224 -21
1477 53379 149 178
1478 50998 -125 -47
1479 52255 194 385
1480 51215 -61 -458
1481 52583 354 174
1482 50025 -280 -359
1483 51504 427 231
1484 54121 -34 -41
1485 50951 329 324
1486 54296 -389 -176
1487 54399 440 461
1488 53977 -151 -128
1489 52135 255 251
1490 51704 -45 -25
1491 50908 157 249
1492 50778 -67 -43
1493 53967 449 155
1494 54822 -174 -490
1495 53305 192 394
1496 51933 -448 -210
1497 50894 382 287
1498 50933 -433 -366
1499 50524 391 36
1500 51952 -403 -63
1501 50828 445 367
1502 52242 -450 -261
1503 52134 309 73
1504 50557 -256 -316
1505 50944 416 279
1506 52690 -311 -391
1507 52605 128 128
1508 50263 -497 -166
1509 53843 299 247
1510 51786 -344 -215
1511 53503 266 244
1512 50382 -367 -397
1513 53818 23 339
1514 54103 -150 -407
1515 50516 243 67
1516 52495 -228 -483
1517 50157 145 238
1518 53757 -441 -469
1519 51624 154 208
1520 50060 -330 -266
1521 52647 179 202
1522 50272 -173 -331
1523 53813 29 439
1524 54830 -138 -135
1525 52311 257 180
1526 51271 -238 -136
1527 54406 376 484
1528 51074 -11 -84
1529 50925 293 495
1530 50852 -51 -425
1531 53014 242 217
1532 53328 -44 -245
1533 51646 262 101
1534 52902 -157 -355
1535 50152 246 90
1536 51421 -39 -403
1537 53201 94 177
1538 51590 -103 -378
1539 50986 153 271
1540 50880 -369 -271
1541 53819 404 341
1542 51900 -143 -445
1543 53793 320 308
1544 53677 -162 -162
1545 52096 221 6
1546 51487 -192 -284
1547 51930 389 337
1548 50452 -140 -155
1549 53480 11 361
1550 50317 -228 -294
1551 53163 113 275
1552 53817 -370 -305
1553 52643 271 291
1554 50409 -160 -419
1555 52530 11 299
1556 51416 -165 -253
1557 54651 31 57
1558 50755 -105 -452
1559 53645 408 486
1560 54539 -224 -251
1561 51067 126 127
1562 51342 -329 -279
1563 52441 328 290
1564 53166 -443 -43
1565 53133 193 76
1566 54971 -404 -271
1567 52479 56 125
1568 50709 -451 -174
1569 52636 398 127
1570 53024 -449 -227
1571 53222 63 74
1572 50651 -199 -62
1573 52251 249 114
1574 50595 -369 -221
1575 52135 136 457
1576 54480 -378 -86
1577 52276 88 435
1578 52411 -236 -429
1579 51786 294 164
1580 53167 -470 -390
1581 51066 234 64
1582 54644 -65 -497
1583 51954 299 56
1584 51136 -114 -494
1585 51391 204 114
1586 52305 -91 -233
1587 50896 111 277
1588 50122 -45 -56
1589 54745 452 184
1590 51676 -138 -238
1591 52172 11 112
1592 50216 -350 -183
1593 51121 82 297
1594 50951 -284 -473
1595 52806 233 287
1596 51684 -173 -107
1597 53682 184 74
1598 50208 -127 -235
1599 51118 405 148
1600 54807 -126 -218
1601 50991 417 292
1602 53979 -426 -131
1603 52387 465 410
1604 50376 -448 -437
1605 51089 322 409
1606 53222 -224 -329
1607 50232 486 185
1608 51864 -427 -72
1609 53642 212 394
1610 50866 -181 -267
1611 54911 49 272
1612 52436 -370 -487
1613 54939 262 166
1614 53088 -244 -359
1615 51519 209 79
1616 54744 -305 -217
1617 51556 468 245
1618 50204 -399 -360
1619 54936 381 447
1620 51393 -241 -270
1621 54909 185 208
1622 52425 -334 -422
1623 50648 490 62
1624 50180 -273 -105
1625 51260 193 26
1626 53464 -379 -46
1627 50386 141 354
1628 52115 -107 -449
1629 50988 419 367
1630 54604 -400 -343
1631 51491 147 468
1632 54898 -234 -137
1633 54194 221 174
1634 50625 -414 -429
1635 50532 36 440
1636 51925 -418 -227
1637 53401 402 431
1638 52243 -304 -72
1639 50797 41 231
1640 53266 -494 -225
1641 53148 293 181
1642 54606 -415 -456
1643 50622 164 135
1644 50086 -491 -46
1645 51294 199 56
1646 53388 -51 -376
1647 52226 475 187
1648 53528 -59 -210
1649 50486 17 131
1650 51591 -195 -201
1651 54592 317 368
1652 50280 -87 -10
1653 52448 23 153
1654 52814 -80 -98
1655 52912 242 207
1656 51970 -51 -372
1657 54101 62 19
1658 50910 -37 -79
1659 53377 383 297
1660 54087 -64 -171
1661 51972 137 36
1662 51877 -499 -120
1663 51819 356 283
1664 50896 -478 -433
1665 52747 493 116
1666 51777 -183 -480
1667 52137 390 62
1668 52524 -276 -181
1669 51236 200 368
1670 54141 -198 -402
1671 51015 388 129
1672 53204 -172 -198
1673 53830 40 372
1674 54305 -465 -179
1675 52981 341 386
1676 53877 -416 -445
1677 51095 220 164
1678 52252 -207 -492
1679 53485 33 493
1680 52206 -251 -109
1681 51679 171 35
1682 51194 -264 -148
1683 53988 253 311
1684 50155 -129 -305
1685 51069 147 248
1686 53487 -496 -444
1687 54840 164 223
1688 52771 -257 -258
1689 53484 223 442
1690 51762 -103 -464
1691 50137 249 214
1692 54651 -384 -387
1693 50148 106 252
1694 54525 -497 -416
1695 50527 124 471
1696 51524 -258 -32
1697 50120 458 450
1698 51893 -348 -11
1699 50673 284 104
1700 50722 -313 -240
1701 54784 151 204
1702 53085 -467 -270
1703 51073 212 102
1704 52588 -199 -227
1705 50265 214 46
1706 54874 -194 -312
1707 52740 201 479
1708 54055 -145 -188
1709 51927 328 449
1710 50156 -292 -100
1711 53459 113 100
1712 51925 -354 -128
1713 53375 194 258
1714 54291 -135 -70
1715 50559 106 227
1716 50118 -221 -384
1717 52378 44 382
1718 53224 -8 -453
1719 53117 421 226
1720 50417 -382 -19
1721 51647 258 204
1722 50655 -401 -291
1723 52983 50 99
1724 54121 -134 -442
1725 50311 482 197
1726 51570 -155 -388
1727 52354 244 261
1728 52540 -68 -2
1729 50681 218 25
1730 53287 -243 -361
1731 50368 27 456
1732 53764 -242 -211
1733 50081 373 201
1734 50560 -357 -349
1735 53359 139 98
1736 52326 -173 -485
1737 53302 156 317
1738 51311 -220 -208
1739 54665 371 359
1740 54625 -98 -31
1741 50982 340 69
1742 54031 -369 -451
1743 51454 442 222
1744 52963 -74 -478
1745 50295 490 285
1746 54159 -327 -402
1747 54924 293 409
1748 50256 -147 -285
1749 53378 20 235
1750 54434 -427 -280
1751 53466 57 97
1752 52727 -275 -270
1753 51214 383 44
1754 50534 -127 -480
1755 51831 235 82
1756 54665 -352 -294
1757 51463 37 287
1758 50635 -96 -207
1759 50824 471 372
1760 52000 -178 -324
1761 50602 309 126
1762 52513 -12 -456
1763 51201 478 374
1764 54238 -63 -364
1765 54866 469 307
1766 50786 -28 -290
1767 50781 265 266
1768 52470 -363 -153
1769 53899 413 220
1770 51836 -394 -370
1771 51474 97 71
1772 54627 -13 -41
1773 54849 161 177
1774 54853 -133 -467
1775 51593 262 452
1776 52262 -155 -297
1777 52438 153 404
1778 54936 -28 -47
1779 52121 286 433
1780 54319 -345 -413
1781 52705 473 495
1782 52144 -377 -15
1783 51152 81 389
1784 51174 -10 -241
1785 53299 47 24
1786 53168 -205 -191
1787 50797 27 382
1788 52275 -448 -336
1789 51094 470 30
1790 54128 -238 -451
1791 51569 82 78
1792 52087 -436 -476
1793 50833 345 397
1794 51786 -476 -117
1795 54357 371 382
1796 53112 -251 -333
1797 53719 418 82
1798 50174 -61 -52
1799 51184 380 433
1800 50514 -439 -255
1801 53587 289 329
1802 52022 -305 -429
1803 53262 336 372
1804 50041 -255 -163
1805 52040 346 311
1806 54667 -254 -216
1807 52914 38 375
1808 54042 -467 -451
1809 51295 433 4
1810 52700 -207 -475
1811 53887 38 290
1812 53398 -481 -114
1813 51994 208 357
1814 52171 -473 -445
1815 52076 167 263
1816 53968 -244 -327
1817 54213 331 32
1818 51981 -284 -445
1819 51928 458 420
1820 54454 -405 -362
1821 50858 373 210
1822 52763 -141 -234
1823 51781 291 38
1824 50486 -71 -208
1825 51650 330 489
1826 54976 -204 -82
1827 53848 254 39
1828 50638 -76 -240
1829 51030 218 44
1830 54525 -388 -332
1831 50769 113 130
1832 54657 -490 -435
1833 53534 422 197
1834 52455 -98 -123
1835 51991 382 196
1836 54332 -228 -329
1837 54518 449 366
1838 51234 -225 -274
1839 51854 195 313
1840 51348 -62 -380
1841 51246 76 323
1842 51020 -198 -28
1843 51805 214 389
1844 53615 -11 -168
1845 52326 362 101
1846 53351 -2 -97
1847 51829 301 19
1848 52347 -421 -382
1849 51902 415 122
1850 51441 -379 -475
1851 54634 480 390
1852 50917 -476 -86
1853 50021 248 438
1854 53407 -359 -260
1855 54621 63 350
1856 51546 -210 -46
1857 54148 395 216
1858 52429 -498 -9
1859 51630 149 257
1860 50287 -49 -124
1861 51586 292 309
1862 53515 -76 -269
1863 52890 279 363
1864 53857 -151 -382
1865 51167 3 135
1866 50604 -231 -88
1867 51009 63 378
1868 51106 -193 -223
1869 52327 85 201
1870 54017 -105 -486
1871 50945 348 435
1872 53987 -13 -263
1873 50582 474 116
1874 50454 -364 -60
1875 51981 66 188
1876 53673 -144 -267
1877 52766 303 29
1878 51028 -217 -345
1879 50250 492 459
1880 51378 -373 -268
1881 50256 427 7
1882 52014 -160 -72
1883 51005 30 76
1884 50211 -215 -2
1885 51180 40 112
1886 53091 -162 -311
1887 52566 476 246
1888 51559 -332 -20
1889 50625 431 65
1890 53415 -269 -209
1891 51443 227 395
1892 54636 -411 -325
1893 54559 271 487
1894 51861 -40 -367
1895 54342 264 95
1896 53785 -251 -301
1897 53873 245 325
1898 53437 -83 -328
1899 53748 404 219
1900 52630 -256 -29
1901 50501 445 318
1902 51408 -413 -305
1903 52013 487 105
1904 50122 -485 -256
1905 54667 471 290
1906 54459 -23 -343
1907 52544 32 482
1908 53542 -276 -344
1909 54552 192 237
1910 51578 -47 -109
1911 52388 157 175
1912 53157 -389 -339
1913 52927 12 474
1914 52975 -360 -438
1915 51816 29 338
1916 50887 -314 -10
1917 51171 452 76
1918 51664 -463 -283
1919 53275 72 412
1920 50943 -497 -377
1921 53490 408 121
1922 54389 -94 -292
1923 54070 228 48
1924 54243 -249 -200
1925 54726 391 474
1926 51572 -91 -499
1927 52448 426 214
1928 52078 -170 -438
1929 52926 46 129
1930 54177 -412 -224
1931 54529 223 186
1932 53146 -433 -202
1933 53061 90 106
1934 54114 -154 -411
1935 54000 387 394
1936 53509 -404 -376
1937 52917 279 44
1938 53713 -319 -308
1939 54099 240 159
1940 51337 -416 -178
1941 53440 415 397
1942 50318 -34 -400
1943 53133 243 436
1944 51167 -117 -181
1945 53958 462 389
1946 51852 -252 -345
1947 52641 94 291
1948 52116 -113 -44
1949 51446 42 120
1950 54518 -327 -262
1951 54520 217 109
1952 54961 -14 -222
1953 51048 403 383
1954 52846 -177 -242
1955 54005 459 153
1956 51555 -131 -457
1957 51392 274 24
1958 53355 -259 -37
1959 54740 428 73
1960 50215 -426 -104
1961 50834 138 191
1962 54330 -212 -443
1963 53739 298 429
1964 52373 -55 -265
1965 53585 370 340
1966 50167 -364 -427
1967 51458 372 22
1968 53901 -251 -1
1969 52477 101 134
1970 52004 -190 -105
1971 54655 79 376
1972 54891 -312 -231
1973 53216 58 246
1974 51268 -354 -20
1975 53144 78 352
1976 52211 -427 -354
1977 50560 48 411
1978 53049 -219 -177
1979 53537 321 81
1980 54773 -317 -476
1981 50523 260 113
1982 50567 -359 -121
1983 53566 79 261
1984 53587 -81 -319
1985 50920 461 426
1986 51020 -17 -179
1987 54281 255 393
1988 52853 -37 -333
1989 50280 402 56
1990 53702 -211 -152
1991 51727 174 246
1992 53519 -247 -404
1993 51390 237 87
1994 51481 -198 -415
1995 51301 286 182
1996 51824 -343 -447
1997 54239 40 232
1998 53639 -88 -469
1999 54618 242 248
2000 51839 -214 -357
2001 50801 164 10
2002 52803 -287 -295
2003 54712 101 58
2004 50376 -32 -351
2005 52166 91 368
2006 54336 -34 -59
2007 53565 264 73
2008 51187 -450 -443
2009 54362 148 217
2010 50176 -115 -125
2011 52033 283 6
2012 53571 -369 -248
2013 54196 61 109
2014 53924 -256 -389
2015 53905 471 321
2016 53058 -425 -4
2017 53096 474 24
2018 53399 -382 -105
2019 53468 339 431
2020 52095 -75 -177
2021 52868 7 425
2022 52108 -159 -183
2023 50794 147 466
2024 53765 -151 -424
2025 54902 69 89
2026 53990 -360 -450
2027 50874 74 446
2028 54630 -339 -242
2029 52172 429 446
2030 50844 -163 -280
2031 52624 54 67
2032 53385 -55 -2
2033 50002 132 293
2034 50650 -328 -441
2035 52515 177 59
2036 53954 -44 -358
2037 51681 116 358
2038 50273 -36 -65
2039 53843 54 416
2040 50336 -293 -86
2041 51730 414 390
2042 54317 -206 -435
2043 52123 161 393
2044 52671 -417 -34
2045 53359 492 470
2046 53581 -347 -498
2047 51538 174 260
2048 52557 -257 -447
2049 50303 48 477
2050 50367 -137 -149
2051 52555 248 263
2052 51848 -430 -421
2053 51929 148 57
2054 53207 -32 -18
2055 53564 182 116
2056 50364 -269 -172
2057 52054 185 119
2058 53496 -328 -220
2059 54285 103 368
2060 52182 -213 -8
2061 53408 420 433
2062 52833 -21 -36
2063 52581 31 251
2064 54217 -378 -166
2065 54716 467 61
2066 54797 -482 -41
2067 53464 451 121
2068 50981 -356 -236
2069 51537 30 161
2070 50729 -452 -463
2071 54260 181 324
2072 51518 -28 -371
2073 52814 94 487
2074 54126 -308 -383
2075 54807 0 116
2076 54135 -416 -347
2077 52904 101 336
2078 50590 -69 -297
2079 53583 32 13
2080 51017 -416 -366
2081 52491 367 279
2082 50364 -415 -471
2083 51814 435 29
2084 54953 -280 -67
2085 54516 390 50
2086 50974 -115 -329
2087 54325 315 472
2088 53030 -340 -220
2089 54280 198 12
2090 51439 -64 -134
2091 53103 157 365
2092 50260 -216 -251
2093 50773 378 400
2094 52336 -273 -408
2095 51846 174 243
2096 52678 -9 -133
2097 53136 160 483
2098 54188 -343 -28
2099 53321 141 372
2100 54754 -346 -167
2101 54060 18 356
2102 53169 -100 -455
2103 50394 32 142
2104 54753 -51 -219
2105 53152 217 32
2106 50856 -1 -106
2107 54227 235 332
2108 51253 -430 -31
2109 52156 485 143
2110 53599 -7 -283
2111 52736 353 24
2112 51615 -442 -365
2113 54795 301 229
2114 52273 -416 -176
2115 53173 220 216
2116 52617 -493 -45
2117 53748 25 205
2118 50053 -340 -287
2119 53963 343 243
2120 53801 -324 -453
2121 50896 123 31
2122 54933 -150 -49
2123 54328 77 171
2124 51851 -88 -69
2125 51504 478 95
2126 51731 -69 -47
2127 51488 105 54
2128 53513 -466 -82
2129 52595 14 487
2130 52242 -466 -119
2131 53625 430 414
2132 54158 -172 -246
2133 54447 331 376
2134 54661 -400 -91
2135 50819 218 42
2136 54811 -288 -52
2137 52423 97 483
2138 54405 -11 -217
2139 54546 355 28
2140 53589 -490 -459
2141 53790 442 48
2142 52373 -405 -103
2143 52495 78 101
2144 50451 -475 -196
2145 51614 409 367
2146 52109 -363 -498
2147 52723 180 41
2148 52108 -94 -340
2149 52051 227 264
2150 53144 -22 -245
2151 53887 305 317
2152 50919 -55 -280
2153 54364 11 426
2154 52504 -479 -7
2155 52542 302 447
2156 54013 -428 -430
2157 51328 480 380
2158 50652 -331 -9
2159 53898 219 418
2160 54557 -107 -158
2161 51725 276 372
2162 53980 -86 -295
2163 50230 426 224
2164 54637 -343 -482
2165 54770 432 30
2166 53532 -476 -183
2167 52528 454 445
2168 52719 -338 -9
2169 50080 334 286
2170 52776 -199 -385
2171 52919 53 192
2172 54644 -314 -392
2173 53709 487 269
2174 52965 -343 -226
2175 54511 5 136
2176 52563 -491 -85
2177 52320 336 16
2178 52263 -24 -52
2179 53574 136 241
2180 50507 -458 -41
2181 50758 444 106
2182 50714 -333 -494
2183 52490 5 44
2184 50459 -67 -167
2185 53183 354 27
2186 52150 -58 -266
2187 51475 405 340
2188 52237 -295 -40
2189 50662 127 238
2190 50407 -157 -125
2191 51286 351 408
2192 54130 -327 -456
2193 54094 312 12
2194 53110 -204 -236
2195 54397 37 367
2196 51644 -300 -106
2197 50584 257 297
2198 53932 -213 -202
2199 52312 427 250
2200 51798 -18 -438
2201 52273 307 7
2202 50249 -472 -121
2203 53173 192 242
2204 51815 -489 -80
2205 52768 270 103
2206 50890 -147 -327
2207 54252 114 338
2208 53309 -65 -55
2209 50791 49 302
2210 51336 -377 -347
2211 50633 10 383
2212 53442 -134 -126
2213 50426 167 76
2214 53835 -220 -306
2215 50537 160 487
2216 53257 -349 -389
2217 52877 97 295
2218 52334 -158 -312
2219 50289 174 169
2220 53067 -362 -256
2221 53872 41 396
2222 51136 -366 -419
2223 52858 277 222
2224 50071 -274 -476
2225 52509 353 341
2226 51504 -154 -280
2227 53563 210 327
2228 51287 -486 -363
2229 52786 330 14
2230 52253 -331 -178
2231 52407 135 12
2232 52818 -17 -211
2233 50768 290 398
2234 54654 -481 -76
2235 52227 70 290
2236 52885 -125 -356
2237 53840 340 155
2238 53201 -58 -390
2239 54029 349 465
2240 53073 -77 -83
2241 54949 63 380
2242 52002 -9 -448
2243 54803 270 380
2244 52973 -295 -231
2245 50945 412 94
2246 50014 -354 -181
2247 51973 456 488
2248 54632 -382 -296
2249 50771 22 217
2250 53162 -488 -468
2251 53220 420 319
2252 54530 -183 -17
2253 53827 73 212
2254 50702 -250 -136
2255 54085 26 321
2256 54994 -312 -217
2257 52746 223 6
2258 54353 -315 -256
2259 50311 348 57
2260 51283 -417 -120
2261 53029 464 104
2262 54775 -423 -419
2263 53430 186 103
2264 51862 -296 -415
2265 54634 154 246
2266 53694 -442 -276
2267 53213 486 16
2268 52851 -94 -415
2269 54371 395 93
2270 53347 -192 -408
2271 53389 451 318
2272 51099 -152 -87
2273 50718 488 361
2274 53084 0 -12
2275 54969 427 274
2276 53400 -256 -190
2277 50509 478 65
2278 51873 -354 -324
2279 52204 237 157
2280 53143 -142 -169
2281 54658 41 451
2282 53531 -239 -425
2283 50928 177 390
2284 54006 -313 -291
2285 54864 275 96
2286 50950 -210 -170
2287 52839 296 454
2288 54806 -494 -54
2289 54447 191 283
2290 52264 -408 -364
2291 52728 380 189
2292 53547 -14 -135
2293 51132 164 249
2294 51594 -117 -32
2295 50647 466 8
2296 52090 -124 -480
2297 54704 315 200
2298 50312 -269 -301
2299 50429 326 175
2300 53753 -71 -97
2301 50055 12 423
2302 52039 -387 -74
2303 50994 404 348
2304 53185 -368 -470
2305 54644 285 96
2306 53003 -166 -65
2307 52197 372 416
2308 51962 -455 -244
2309 51506 457 487
2310 51130 -280 -12
2311 50627 303 387
2312 53139 -224 -160
2313 52401 28 376
2314 51082 -142 -100
2315 50864 269 32
2316 53528 -103 -311
2317 50793 432 232
2318 51535 -230 -240
2319 51076 262 232
2320 54300 -456 -413
2321 52050 320 32
2322 53939 -210 -154
2323 51795 206 67
2324 53402 -429 -314
2325 50743 452 203
2326 50496 -413 -44
2327 52563 30 223
2328 54489 -400 -147
2329 50571 497 441
2330 52443 -293 -151
2331 52237 148 13
2332 53500 -487 -184
2333 51703 407 197
2334 54730 -221 -208
2335 50952 43 422
2336 51229 -16 -90
2337 50856 360 13
2338 54819 -109 -81
2339 53259 144 61
2340 52016 -387 -496
2341 50431 31 328
2342 51507 -476 -384
2343 51164 443 176
2344 52948 -52 -351
2345 51595 454 242
2346 53433 -431 -123
2347 51657 339 237
2348 52224 -223 -140
2349 52491 51 349
2350 54171 -135 -368
2351 52428 204 249
2352 53576 -220 -110
2353 53751 132 364
2354 52923 -95 -476
2355 54443 321 435
2356 54510 -441 -148
2357 51080 108 234
2358 51747 -110 -228
2359 51756 152 65
2360 52463 -110 -167
2361 51810 257 387
2362 51484 -432 -15
2363 53940 118 26
2364 53031 -494 -233
2365 53301 132 276
2366 54465 -14 -473
2367 52701 441 216
2368 53161 -102 -363
2369 52587 418 179
2370 50982 -292 -140
2371 51006 44 113
2372 51229 -308 -178
2373 50306 278 177
2374 51567 -130 -11
2375 50111 110 151
2376 53809 -336 -139
2377 53255 243 110
2378 50777 -357 -6
2379 54694 497 94
2380 53098 -277 -38
2381 53209 187 382
2382 53512 -496 -459
2383 53927 90 150
2384 52876 -238 -238
2385 50541 450 184
2386 53434 -270 -224
2387 52199 152 78
2388 50029 -268 -498
2389 50399 340 69
2390 54780 -46 -101
2391 50210 81 45
2392 54652 -103 -482
2393 51380 39 193
2394 50761 -357 -154
2395 52463 12 353
2396 52805 -82 -351
2397 53646 112 376
2398 50545 -108 -311
2399 51184 229 488
2400 54623 -108 -262
2401 53608 351 404
2402 52899 -17 -172
2403 50857 8 347
2404 51869 -318 -207
2405 50836 261 354
2406 52602 -189 -335
2407 54001 312 142
2408 50427 -70 -466
2409 54404 72 349
2410 54589 -358 -487
2411 54733 461 442
2412 50174 -421 -255
2413 54638 114 22
2414 52156 -78 -291
2415 50726 269 407
2416 54230 -467 -162
2417 50447 163 103
2418 51326 -15 -332
2419 51166 86 340
2420 52809 -483 -191
2421 54727 127 348
2422 50274 -404 -231
2423 52733 468 84
2424 53282 -389 -411
2425 50400 113 313
2426 54631 -98 -439
2427 52389 110 159
2428 54902 -164 -434
2429 51735 460 371
2430 52402 -213 -140
2431 54786 468 355
2432 52609 -54 -181
2433 50237 356 26
2434 50799 -325 -293
2435 52047 171 447
2436 54658 -163 -260
2437 50028 114 260
2438 50848 -1 -453
2439 50905 174 367
2440 53342 -13 -66
2441 53617 459 43
2442 50031 -383 -130
2443 52665 347 63
2444 52635 -134 -497
2445 54597 415 431
2446 51297 -443 -145
2447 53165 275 320
2448 50286 -491 -359
2449 51939 339 407
2450 50909 -212 -497
2451 54755 152 170
2452 51725 -304 -84
2453 53212 430 415
2454 54033 -277 -361
2455 52888 38 433
2456 52117 -468 -414
2457 51446 149 26
2458 54367 -240 -109
2459 53056 54 241
2460 50012 -386 -175
2461 54257 335 19
2462 53484 -25 -172
2463 51865 207 383
2464 53967 -385 -83
2465 54624 116 484
2466 50047 -57 -170
2467 51150 267 402
2468 52320 -291 -399
2469 53983 265 443
2470 54702 -450 -40
2471 50419 332 165
2472 54491 -462 -238
2473 52801 425 349
2474 51296 -338 -324
2475 52737 406 249
2476 50031 -147 -7
2477 54788 423 170
2478 50907 -150 -404
2479 54986 129 66
2480 51138 -440 -436
2481 50922 479 462
2482 53530 -393 -150
2483 52661 479 137
2484 50707 -226 -158
2485 52269 186 171
2486 53433 -279 -133
2487 54366 340 126
2488 50207 -196 -19
2489 54803 237 481
2490 50290 -34 -119
2491 50277 140 146
2492 51632 -238 -69
2493 54124 497 457
2494 54671 -270 -164
2495 52404 38 244
2496 51231 -47 -42
2497 52122 52 365
2498 51905 -335 -182
2499 50426 440 112
2500 51367 -20 -263
