54236
50386
54386
54943
52238
52331
51778
52323
53830
50404
50565
53431
52262
52881
51798
53117
52815
52616
52491
53568
52051
50128
53591
54358
50082
54104
53728
53510
54448
53741
51730
54562
54042
50679
50232
53128
52924
51742
50804
53482
50931
53612
54200
50699
51191
50837
54341
54664
51850
50450
52838
52631
51956
54514
51184
52739
50658
54749
54950
53221
52451
54632
51462
51729
54818
51079
53247
50718
51424
53646
54108
51953
54166
53028
50887
53749
53973
52663
51245
53457
54572
53638
52900
53361
53599
54531
51235
51390
51029
53421
50550
51038
53491
54567
54520
52865
51112
53481
53453
52806
51792
51086
54009
50384
52394
54464
54287
53433
53770
52742
51743
50327
53319
52819
53154
54398
51040
50171
50818
54349
51704
52201
53829
53132
54887
54048
53817
50117
50352
51957
51735
50723
51234
54175
53576
51603
50678
50524
53396
50244
52290
51617
53345
52153
54654
52727
50952
50362
54613
53081
51037
50503
54755
51754
50183
53882
53132
53280
50363
50934
53805
52395
53613
52031
53767
54702
54030
53224
51139
50999
52041
51471
52022
51051
54532
54658
54899
53476
50715
54337
54811
50262
51113
50297
51610
52330
50262
51933
54607
53445
51291
50677
52721
53115
50253
54504
54669
51979
54450
51117
52900
53025
54762
53737
51665
51750
53459
54494
54075
53382
51735
50889
54089
53933
52241
52477
51629
54591
53436
54044
53037
51794
53430
53076
54237
50131
52874
52867
52496
51335
53814
52771
54076
52785
52377
54311
53578
52518
53657
52990
51977
53369
54438
54185
51907
52603
52706
52595
50054
51894
54589
51655
51937
51033
53145
53788
52550
52726
52646
50390
51693
50690
54085
52164
54042
54144
51103
52301
53136
50108
52710
51847
54482
54421
52200
50676
52015
52172
50649
50657
53848
54504
53773
53542
54952
52359
50416
53272
52207
51883
53080
50780
54925
52199
51199
50548
53305
51784
52818
52013
53456
52618
52206
52967
52416
54166
53518
52253
51302
50923
54688
54261
53828
50729
54425
53777
52193
53942
52567
53206
54339
53924
54617
52670
51530
51690
52410
51755
52565
50027
53527
52736
54193
54954
50244
54519
53333
52688
52552
53581
53904
52144
52899
52981
52437
52644
54223
54101
51478
52517
50303
54183
54259
52349
52110
51490
54633
54624
54712
51132
51929
52164
53918
53712
53523
53102
51185
52915
52027
51952
54725
52850
53565
52013
51179
54266
54736
50803
54370
52255
54615
51058
52518
51257
54033
52946
50044
51800
51509
51546
53177
51804
50799
53295
53530
50189
53467
53021
54999
52251
50712
50075
51828
53645
51745
51218
54291
50527
52546
52260
53245
54328
54030
53126
51584
50713
54022
53870
52489
50041
50925
53688
50896
52793
50146
51699
53459
54649
52534
54942
54301
52028
52092
53926
54264
54887
54075
50200
50314
52794
53159
52157
53311
54920
54309
53923
50793
51581
51980
50416
53492
50598
52210
54936
50436
54033
53419
54981
50641
53796
51743
53542
52313
53140
53099
50708
53699
52631
50225
50414
50244
52079
52710
53240
50691
53133
52808
54820
52333
54954
52878
50035
54370
54068
51341
54088
54768
51725
51815
50924
54461
50005
50174
50034
50834
52821
52952
54841
54471
51895
52523
50605
50104
51903
52283
51142
50522
54086
52243
52533
53132
50261
53651
50249
53230
53006
52044
53323
51115
54382
53853
53663
52209
51388
52581
54864
53105
51119
51467
50417
52843
50621
53572
52975
54472
53719
50851
52613
53792
53390
51068
53720
52793
54378
53266
54562
54958
51755
51002
52307
50334
50391
53858
54158
54488
50503
52448
54181
53142
53097
54650
52477
52512
51701
53574
54125
53969
50712
51883
53054
54153
52175
53930
52432
50393
53700
54338
51865
50120
50401
54244
50828
53577
52931
50183
51686
54043
53859
50699
52211
53902
51220
50471
53166
52097
52048
53514
50116
52012
53814
52884
53133
52387
52334
53254
50638
54136
51198
53278
53879
51267
51433
51573
50857
50090
50604
50998
53446
51682
52430
53084
53931
54919
51343
51097
52190
50316
53238
53330
50766
54255
53352
53194
54181
52231
52686
50417
54127
51134
53601
53668
51808
52610
53168
53705
50628
52918
53136
51699
54997
51632
54372
52768
52679
54224
53447
50579
51584
53582
54755
51830
54806
52417
54301
54215
52742
53798
52756
54869
50610
54723
54389
50439
53164
54731
53085
50903
50759
52549
53613
54599
54193
54096
50719
51488
53901
51277
52096
50387
51762
52446
50188
54578
54180
50764
54069
50027
53733
51491
54509
54104
51559
53625
51262
53026
52408
51360
50816
50588
50170
50214
54495
54783
53636
52118
51399
54711
54457
53839
50217
51888
51841
50299
52471
50234
51511
52354
50799
50222
51852
54553
53152
50521
50980
52161
51713
53453
50625
51270
53047
54370
53733
53376
54986
53811
53838
51494
54658
51336
54202
51482
52764
54513
51597
50675
54577
50396
52991
50453
52656
52001
54969
52642
52730
50626
50947
54958
50671
53255
50339
54207
50369
51639
53518
52542
54048
51132
51302
50923
50876
51599
53466
50159
52164
53741
52097
52871
54618
53538
50922
54460
54305
51921
51831
51535
51699
51171
51075
51551
54539
52013
52095
50417
51785
51406
51682
52534
53332
53841
51500
50313
51186
51636
54802
53480
50751
54552
50378
51500
54936
51181
53256
52934
53531
52481
52129
52529
52865
54257
50103
50931
50589
52403
52479
53128
50426
52278
52677
51727
54462
54792
54143
54635
54919
54629
53043
54356
53470
50257
52310
52789
51209
54834
54892
52640
53923
53965
53103
52100
51164
53604
54054
52743
50526
51771
51244
53649
51761
50569
51065
54284
53504
51722
52608
50172
51540
54073
52903
52063
54125
53413
52384
50166
54353
52311
53888
54836
50811
50172
52293
52035
54623
53657
52167
53619
53353
50611
52777
51488
54866
50520
52991
54206
52491
53743
50273
51999
51077
54072
51267
50077
50530
53965
50222
50181
53550
53160
52468
52497
54128
51759
52241
51720
54828
52136
50565
53705
51737
52045
54409
50339
54503
51899
54179
54530
53777
53624
52436
53818
50711
50164
52004
53805
51176
50007
51549
54757
50973
52392
52101
54645
52751
50069
51920
53371
50517
53222
54524
51145
53831
52203
51506
53567
52417
53035
53474
54769
50146
52957
50440
54600
53894
53396
50851
53056
53538
51913
54230
53989
51428
50872
52990
51424
52074
50363
52874
51730
54503
54529
53549
52075
51588
54487
50996
54195
51636
53735
53664
53520
52944
52950
50855
51775
52295
51098
54828
53431
52858
54668
51114
51137
51879
51103
50248
52124
52792
54635
54525
51952
50043
53781
54111
53515
50903
52895
50757
50574
52018
53962
54114
51214
51934
53525
54700
50471
51954
50113
53105
50260
53413
54150
52320
53699
53606
50045
52341
53124
50868
51478
50330
50606
54182
51420
54899
53444
53612
52021
50475
50614
54613
50738
53640
50650
54372
52135
51916
50726
53912
50270
54502
54961
51490
53558
54748
50622
53254
54376
50495
50827
51840
51282
52344
51264
50833
51241
51158
54213
52980
50780
53578
54176
53904
50773
54149
52715
53033
54517
52255
50366
53759
51996
54646
53475
51228
52056
52145
50117
51623
51879
53570
54544
51356
50889
51307
51927
52443
51259
51328
51486
54158
50536
54013
54511
53115
53747
50666
51281
51485
52618
54016
54163
51715
50521
54831
53108
51042
53332
53795
51155
52925
53572
52335
50933
52684
52918
54768
51486
53785
50469
52443
53509
52821
53584
54220
52355
53189
51555
52901
52725
54582
54050
51711
50775
52158
52250
54321
50550
54875
51707
52566
54110
51456
51828
51752
51411
54067
54306
52001
52147
52086
53770
53159
54659
51685
54648
51206
51260
54574
51660
53397
53106
52597
51899
54614
51909
51331
53224
53304
54223
51921
52763
54104
52543
54908
50485
50796
52605
51502
50279
51946
51085
50482
54700
52593
51829
52733
53963
51611
52447
51679
54944
54331
53424
50740
50865
53466
54507
54489
53698
50751
52660
51082
50236
51918
53075
51704
54166
51119
51772
52237
53870
50161
52255
54360
53663
51441
52680
50517
54752
54837
52660
52809
53024
52465
54518
53059
52130
51146
53138
54281
50984
50607
53315
52142
50361
51692
54122
50400
53161
54129
52910
52441
52514
53850
50614
52613
50504
52793
53771
52645
50959
53687
52760
51474
51802
50681
52757
50380
52819
50456
50336
53503
50976
51482
52706
50928
54849
51720
50597
53548
52023
50304
50017
52551
53417
51871
50837
51887
51952
50442
53608
51503
51277
52394
50493
51801
51308
51336
52882
53304
52307
51459
54232
53666
50504
50308
54776
50983
54011
52687
54637
50024
51734
54731
54996
51836
54048
51957
52779
53086
53272
50195
50864
51535
54466
54553
54268
54163
50217
51909
53850
50885
53002
52500
53733
54250
52374
50086
54973
50512
52032
52023
53273
52453
52017
51532
54153
50844
52875
52972
53241
50267
54626
51110
52081
50756
52888
53989
51178
52929
53529
53584
50039
54857
51631
54748
53285
53364
53559
52808
52574
51347
50164
54597
52240
51809
53519
54441
51344
50041
51394
54786
54002
50156
54399
50970
51541
54767
53025
51563
50557
53181
51786
54656
51097
52937
53407
51589
53649
54262
52157
51103
50359
54050
54344
51664
51770
54589
50632
52518
52515
54569
52095
51482
54745
50107
50783
50753
52720
51696
52281
50617
50832
52731
50110
50942
50578
54348
53626
52473
50277
53297
50775
52621
52307
51423
52137
53856
51594
50950
51424
53645
52410
54946
52060
51768
54917
50096
51341
53126
52943
52084
53116
51767
52049
53379
51445
53222
54780
50404
51110
51240
53596
52976
51375
53520
50318
54361
53605
53174
54848
50688
52548
53827
50309
54766
52538
52660
53239
54703
51962
51948
54937
50005
51890
53882
52002
54454
50141
53622
54543
51891
50682
53193
51915
50619
54940
53105
54693
52356
52922
51385
50752
53555
53177
54749
50898
51326
53085
54715
50362
53232
50477
51235
51948
54800
50918
54963
54010
50932
50135
54453
51972
51472
50292
54441
51684
51656
50613
53199
54035
54661
54898
54836
53833
51372
50575
54156
52622
53558
54701
50906
51372
50013
54404
54295
50938
52079
53779
51706
50167
51023
53307
51486
50268
50004
50527
54051
52550
52221
53352
53992
51506
52789
53222
54088
52342
50904
52926
53770
53727
50509
51239
51625
51651
50095
54764
54684
54970
54634
52452
50365
52928
54875
54265
53734
51132
52088
52171
50752
52428
51749
53072
53982
50533
52918
53738
51434
54298
50667
50516
52067
52133
53480
50665
52758
53984
52845
51019
51750
50332
54316
52873
50247
53571
54163
51310
53609
52295
54693
52982
54866
54679
54548
54980
52103
54265
52192
50364
52905
51776
50132
51530
52063
53904
54424
51999
52126
52336
51136
51609
54786
50006
54186
54627
50942
54683
50095
52197
50112
52625
54171
52679
53625
52577
52975
51460
51009
54088
54629
52561
51544
51338
53515
54666
52758
52377
52089
50260
53726
53593
54894
51387
52378
50536
54934
53320
53065
52665
53303
53131
52404
53147
51843
51773
54162
53015
52411
54559
50111
51529
52759
51529
54595
53472
52280
51530
54889
50333
53128
52245
50045
51711
52047
53849
51958
50466
51856
51426
54333
50946
53870
52833
53882
54888
52586
52560
54753
53239
50756
52491
52081
54045
53386
54345
53723
51633
54294
50269
54634
52188
54492
51782
53035
54514
54154
54637
53887
51543
52787
54506
52980
52275
52577
53304
52008
50224
50390
52260
53818
54542
51164
50771
51626
53400
54453
51865
50087
51035
51189
51030
54631
51069
53580
53804
50251
51272
53209
51877
52307
50860
54972
54526
50664
51520
54322
50609
52085
54956
53692
53167
53694
53184
53341
51346
53663
54641
54974
52737
52534
51645
53507
52226
54050
53250
54053
53347
54621
53257
51806
52169
50742
53488
50655
52408
54079
53242
53130
52233
53010
50681
53520
54797
54163
53987
52715
52419
54932
50130
54706
52798
54505
51840
52937
54366
53654
52065
50867
52711
54243
50519
50405
50301
54888
51913
50020
51566
53514
52122
53473
51910
54252
52640
50646
50846
52566
51062
51027
52822
50584
54039
54832
51956
53954
52389
50767
51612
54474
51050
53683
51555
51421
52110
51765
50472
53705
53852
54437
52302
50607
51363
51455
51475
53420
50823
51300
50833
53713
52290
52797
50752
50954
54299
51651
51620
51448
54665
54843
50247
53312
51279
52628
51094
53459
50543
53823
53220
50280
50854
53394
50677
50551
51295
53646
54464
54143
53695
52584
54257
54883
53054
50837
53409
50393
53093
52860
54134
50221
50272
50836
52787
51476
52399
51724
52410
54673
52417
51450
51792
54219
50102
50448
51681
53471
54801
50510
53149
54274
50395
50439
50872
54096
50020
50377
53763
50128
52086
52363
50666
54366
51238
52186
52560
53977
53373
53644
54512
53074
54180
51310
54530
52478
54579
51604
53088
51967
51016
50308
53543
53604
53359
52686
53078
50622
50945
50973
53008
50922
50389
52753
52724
50262
54891
52004
51763
50313
54344
53979
50263
50803
51188
54755
51801
52557
50134
50215
53078
52708
54164
53079
52747
54230
52161
50935
50925
50365
54003
54165
53334
52199
52356
53927
51322
51898
52128
53736
52954
50049
51721
50540
51043
51791
51779
52148
50964
54202
51760
50744
53675
54908
50017
50074
53966
51380
52972
51510
53200
51162
50313
54017
53565
52381
51899
51426
54921
50754
52003
53235
50333
54975
54666
53174
50300
53233
50197
53381
50026
52100
51630
54358
51968
52924
51779
53167
51673
50301
54191
51450
54024
50221
52148
50162
52232
54496
52150
53394
54332
53668
54073
54297
51929
51221
53911
54514
54832
52586
51680
52511
51765
54550
54534
53725
54915
52798
51465
50663
50178
54759
51957
50792
52292
52807
51066
50631
54667
53492
54349
53138
50969
51880
50593
54179
53179
53125
50282
50968
53682
53630
51424
52714
54929
52645
51498
54833
52782
53856
54165
51337
54051
51667
51813
52480
52764
54868
53389
53387
53299
51286
54947
50829
54507
50352
50280
52252
50468
52814
52338
51352
50108
51395
51970
53523
54970
52687
52392
54910
53636
50063
50307
52877
51160
53407
51888
51423
54349
53629
50297
53824
54600
53098
50086
50735
54514
53389
52575
52565
52222
51140
54388
54341
51891
53762
51550
54313
51624
50664
53224
52532
54038
53155
51719
52320
51925
53335
54274
51748
53149
51285
50302
51351
54493
53184
51811
54053
52188
51822
50489
52962
54236
51696
52444
54720
50512
50302
54418
53572
50335
54508
51972
50481
51730
51439
54880
54533
52998
50278
54218
51732
53889
54991
54696
51734
54413
54322
54754
51477
51018
54363
50245
53820
50689
51175
53173
52993
54630
52077
52139
54010
50033
53528
54485
51680
51067
51579
54389
50346
53191
50850
53471
52395
54194
53221
53764
51354
52281
52381
53824
54557
54142
53563
50878
51254
54569
52868
54884
54713
51611
52494
52586
51691
52899
50826
54790
52443
50639
50079
52457
54146
51970
52438
50434
50796
52229
54863
50479
52688
50476
52350
50939
51686
53299
53988
50795
52281
52051
51907
54892
54863
52216
51915
50363
50224
50474
52728
50247
54058
54599
51356
53964
52697
53651
51760
50478
54864
54561
50476
54862
54359
53701
52897
52561
50299
54583
53561
52172
53361
52854
53257
50894
50134
50601
50111
54822
51984
52474
51783
53770
53733
53364
51655
50182
50567
51697
51711
53082
50280
54092
54309
50913
51732
54177
50933
52806
54683
50580
50905
53411
52613
52224
52771
51794
50988
52211
53783
50900
51980
51196
54761
51019
52689
54301
52461
53423
52209
54713
54643
51285
53200
52357
50189
54658
50285
52763
50776
50721
52262
53296
52308
53258
50795
51816
53949
52404
51815
50499
50349
51846
52776
54716
50915
51197
54701
52783
53952
50186
54753
52683
53693
54032
54664
50319
52616
54234
53562
54955
53643
52653
53249
52420
54896
52399
51055
50722
52647
52120
52509
53438
52034
52054
52829
50727
54482
54463
52664
52830
52344
53016
52382
53596
54485
53839
54844
53635
54683
53431
52174
52289
53667
54022
50864
51225
50885
51806
51477
54586
53496
51397
53088
53647
54122
50313
51266
51435
52435
54067
51473
52393
54603
54528
52613
