1 52437 32153 28815
2 51356 32394 39856
3 52106 45557 38029
4 52865 44725 41404
5 53429 27436 22807
6 53824 22646 26060
7 50916 32093 31677
8 50344 46973 27381
9 54282 34456 34451
10 50870 3914 29134
11 54417 26575 26461
12 50038 19996 13214
13 54374 32162 18060
14 50796 3790 35964
15 53756 1880 5620
16 53229 28795 47801
17 53953 2012 37644
18 50540 47182 8174
19 51203 44845 19879
20 52988 12308 24365
21 53167 27423 39761
22 50477 32684 24379
23 54920 44530 31498
24 50632 29630 2169
25 54934 37691 14444
26 53275 47290 20658
27 50525 42195 5834
28 52346 16137 23888
29 51138 25305 11661
30 50529 19590 41990
31 53007 16081 30557
32 52099 22491 16469
33 52094 32804 28312
34 50630 22661 36088
35 50858 19848 32983
36 54904 1997 41528
37 51615 5550 15456
38 50924 30638 6435
39 52275 2174 41177
40 50437 8426 26960
41 50866 35584 26129
42 54081 3787 31888
43 54447 17187 23165
44 51868 44734 41866
45 54244 16052 41629
46 54784 20522 36185
47 51640 10795 25244
48 53009 3965 26474
49 52248 28234 32501
50 52776 16577 26888
51 50104 19312 32556
52 53830 3867 6016
53 54863 23840 17999
54 52763 3914 23301
55 52259 26544 4720
56 54850 19723 16146
57 52765 4273 814
58 54378 14777 36742
59 53355 24773 24958
60 54109 11280 18487
61 53795 42862 42102
62 52700 15902 31145
63 50891 11607 11223
64 52070 45055 39959
65 53522 11001 23147
66 53765 26081 39712
67 54745 39860 31835
68 52279 23877 38222
69 53475 9610 2276
70 50413 20063 15099
71 52492 17797 38681
72 53750 25964 33777
73 52805 201 38633
74 54614 32602 25657
75 53983 32822 37133
76 52798 33565 29464
77 50688 2337 21013
78 51405 28787 41638
79 50134 5052 44949
80 53135 18234 37092
81 54137 16817 16312
82 53202 13285 35292
83 52088 46967 41233
84 52601 105 4465
85 51092 3627 3666
86 50559 1723 22078
87 51934 492 47180
88 53335 45147 7101
89 51942 46848 40752
90 52208 25243 26140
91 52715 14458 8159
92 52705 36341 11208
93 53952 27027 33911
94 52509 23357 46513
95 54211 1573 20252
96 50673 30916 46736
97 51122 36723 33218
98 53446 800 43054
99 52790 27174 25658
100 54913 15710 35974
101 54419 12078 13062
102 50603 8567 38607
103 53151 1556 38335
104 54272 1858 32742
105 50460 27576 42883
106 50127 44610 46964
107 52501 31056 33221
108 51955 45767 27281
109 53120 40629 34413
110 53405 1970 14729
111 50033 22236 38114
112 53984 25564 26474
113 50778 19553 8865
114 54085 8177 21286
115 51682 19008 42403
116 50216 37758 32347
117 53896 14970 2689
118 52601 17527 22045
119 52232 13310 1343
120 50321 10087 9324
121 54280 34850 19779
122 52909 46647 17114
123 51776 36681 1533
124 53591 44154 23641
125 54857 4409 39743
126 50481 44790 2520
127 53247 11487 48569
128 50507 26868 720
129 53804 20139 45209
130 50230 5844 28682
131 51717 2960 43921
132 54490 31299 39577
133 53065 13866 48499
134 51072 3273 25185
135 52458 43082 47169
136 52770 24744 27205
137 54739 30279 30576
138 52526 46870 21306
139 50798 14147 6412
140 53352 1833 2144
141 53221 12189 23866
142 52225 43561 48119
143 54553 41114 7238
144 51402 8892 48301
145 51354 24954 26682
146 50218 8657 2076
147 51635 41510 22868
148 52878 587 14165
149 52089 2248 18654
150 54783 47124 48650
151 51406 36397 11776
152 52425 43808 6299
153 53967 7543 16255
154 54350 36810 33923
155 54819 25537 31837
156 52227 9492 32569
157 50100 37698 26093
158 51721 47115 5174
159 50390 9509 34940
160 53174 14440 18191
161 53961 27651 44230
162 52044 4648 27945
163 54433 25337 14564
164 53670 41652 25647
165 54838 29758 10270
166 54451 27785 34060
167 51021 37703 15611
168 53882 23210 30162
169 54862 35290 40029
170 53497 437 7771
171 51658 12760 44251
172 54643 13187 36359
173 50866 7892 13030
174 50251 41473 5059
175 53928 47882 17599
176 51847 11341 8023
177 54926 27516 7938
178 51945 3419 31714
179 53243 40663 24582
180 52559 38631 1950
181 53591 18147 14603
182 52024 23943 35673
183 54754 42842 5697
184 53913 22534 32177
185 52827 19747 42384
186 51048 23553 42072
187 50581 48282 36149
188 53900 19426 36932
189 50745 34433 44928
190 54648 967 39272
191 52495 36910 23075
192 52138 48324 45046
193 54869 27694 17555
194 53057 25246 47255
195 52162 8058 20776
196 51238 47339 8963
197 51319 26694 33736
198 52483 26615 7097
199 54234 2976 21525
200 52861 37103 16012
201 54095 47644 19070
202 50047 0 35701
203 53032 31302 43686
204 53211 3400 21722
205 50529 34865 14197
206 50478 4749 13915
207 54826 21892 13366
208 52915 6208 39168
209 52700 46203 6848
210 51054 19429 31509
211 52132 10270 3203
212 51689 35790 22902
213 52426 19779 5573
214 51947 29216 34296
215 50172 24885 35969
216 53336 974 27605
217 54096 27486 2505
218 51349 26113 38801
219 51522 10180 22664
220 51468 7182 30898
221 54973 48547 32242
222 54219 28753 14987
223 54961 36806 6881
224 52717 46126 8148
225 50513 12355 5850
226 50513 10105 19553
227 52831 30537 32495
228 50091 35220 28824
229 50346 11277 24975
230 53344 12002 5157
231 51983 44053 25257
232 53436 47405 45194
233 54689 2010 27169
234 50910 37962 29825
235 53261 44739 5549
236 51268 35742 4373
237 52907 21342 11808
238 51667 33252 16636
239 52574 12244 33889
240 52192 39235 25385
241 53020 6745 2850
242 52048 46302 46284
243 53617 5684 14546
244 54236 27290 33601
245 51810 25105 47907
246 54709 8797 4788
247 53474 14379 35486
248 51222 13484 20833
249 53718 38699 39805
250 54666 35541 35860
251 51703 45646 28266
252 54199 22338 25679
253 50407 32077 1866
254 53572 48777 14325
255 50115 25397 3723
256 52512 39460 33890
257 51081 671 1622
258 50330 26575 23109
259 50205 12521 14253
260 52632 45743 36544
261 51993 8057 23179
262 53270 31099 20883
263 54957 29807 33902
264 52829 35417 11977
265 54665 11900 40828
266 52241 31679 26337
267 52780 3042 32246
268 51527 45171 32124
269 50595 6917 37523
270 54686 1256 17418
271 51439 11713 5301
272 53257 8838 2353
273 53649 22945 6946
274 51274 9737 14192
275 51265 44916 41459
276 51392 12663 7052
277 51316 45721 21882
278 51481 7543 24186
279 53427 12128 30151
280 53520 38543 23985
281 52574 24505 11641
282 51145 20397 34962
283 53441 2187 13319
284 51093 27061 48446
285 50835 15943 40514
286 54963 21532 3327
287 54259 3325 27827
288 54455 43013 31973
289 53613 47112 2058
290 51348 1025 27252
291 54354 20939 254
292 51913 248 12291
293 50604 8710 15890
294 50724 36656 41995
295 50391 46370 18935
296 51602 5914 29789
297 50215 139 1804
298 53871 33165 16205
299 53606 37197 9762
300 51299 40689 15932
301 54203 27633 43620
302 54912 33457 33518
303 50256 1341 42658
304 53756 12511 45577
305 54400 45789 31517
306 54681 28194 16120
307 52424 5185 370
308 53632 11109 4158
309 50965 43118 365
310 50849 3590 43898
311 50442 17664 14477
312 51065 6445 28219
313 54411 44687 44666
314 50990 44331 40812
315 54725 8015 5610
316 54334 31555 17556
317 54258 44039 45711
318 54513 35335 36882
319 52350 35048 31395
320 52453 35019 45848
321 53995 34872 21902
322 52509 7362 7190
323 52439 7922 17669
324 54515 1349 26819
325 51518 25156 10330
326 53752 1650 13055
327 54326 13724 15471
328 52782 3871 45788
329 50296 39173 45403
330 51070 24959 8159
331 52599 25756 25565
332 54675 36857 11151
333 54526 11683 26715
334 51046 45117 39230
335 50803 4589 37206
336 50514 48624 29638
337 52205 26710 28021
338 51610 14832 26680
339 52212 26651 16182
340 52254 48241 25071
341 51430 33533 25465
342 54001 32278 7667
343 50721 508 13379
344 53419 43845 20150
345 50306 46055 23302
346 50016 8737 31513
347 50763 37961 45204
348 50033 35803 38406
349 53571 43025 37970
350 50153 19045 45066
351 51664 20672 22903
352 53125 37323 44673
353 51870 42392 18539
354 51492 37709 38322
355 54159 15435 12167
356 52476 28534 32660
357 50666 43240 37450
358 52205 35140 41352
359 50687 36305 26947
360 54988 27182 46467
361 53164 41776 24924
362 53629 2112 17600
363 54933 21394 7775
364 51589 17271 634
365 51159 21111 26679
366 53464 39632 18224
367 52219 25647 9072
368 51700 20667 26458
369 54707 28964 30882
370 53601 21600 27270
371 51857 37180 40450
372 50559 21694 41375
373 50148 42451 3281
374 53476 36597 32785
375 53388 36187 30679
376 54011 38030 34823
377 53142 39287 27371
378 50560 39343 42463
379 51874 16579 3170
380 52561 24248 17882
381 52132 35050 39584
382 53498 23344 20545
383 53068 24622 24730
384 53394 43453 26441
385 50645 41278 21456
386 54385 14193 33046
387 53967 43200 31154
388 51044 14787 11765
389 51578 15209 29357
390 54435 6143 29960
391 51427 19778 7549
392 52373 38015 23218
393 51514 48242 28187
394 52593 20420 41099
395 52396 1413 5912
396 52429 39576 37979
397 54195 13586 30751
398 52073 27906 21976
399 50516 1333 15593
400 53747 3571 30159
401 53606 25323 2697
402 54935 28065 42193
403 51355 8221 33922
404 50983 2586 37818
405 54792 5239 15079
406 51415 35695 31317
407 51941 39058 36695
408 50949 4222 27415
409 51881 753 37602
410 51347 17716 16820
411 51601 26324 17720
412 53942 4923 35728
413 54212 44856 13751
414 54077 29548 48200
415 50140 43518 22637
416 51326 44630 34126
417 50013 39983 30950
418 50479 8171 21349
419 54175 22995 3218
420 51899 20407 39596
421 54086 22827 38642
422 51396 39053 1146
423 53281 22539 37033
424 50723 28657 38384
425 52053 29073 39755
426 51736 46201 44427
427 51014 30531 41441
428 51174 7162 9804
429 54884 42136 2737
430 53706 23811 2095
431 50040 47376 24757
432 52721 36913 25535
433 53402 38215 652
434 50731 43736 30414
435 50335 12570 1687
436 50838 10861 30404
437 51481 46027 5400
438 53890 12293 27695
439 50878 18106 372
440 53349 22112 29148
441 52950 36343 34406
442 53406 4407 16951
443 51823 20212 45130
444 53978 4222 24875
445 52207 1173 32080
446 50048 10534 8079
447 51547 30893 42526
448 53096 16028 16872
449 52001 28742 43903
450 53084 5131 3392
451 53071 48168 30902
452 54477 22741 12686
453 54017 26788 18044
454 52566 13547 22021
455 53062 13781 42991
456 52329 19484 36148
457 51449 42246 37541
458 53681 27304 44777
459 52842 48393 17563
460 53924 37478 27285
461 52563 27384 19567
462 54477 4429 19972
463 54861 34782 22043
464 51272 42997 33675
465 50275 15845 34728
466 54340 41276 16471
467 52573 30073 27274
468 50832 16415 48042
469 51277 22921 13945
470 50972 31486 6413
471 52266 12546 46964
472 54292 27796 47238
473 50251 36532 31970
474 53830 36269 21521
475 50578 11427 6689
476 54859 46446 18056
477 50539 37991 44400
478 51833 1614 27973
479 53715 27079 6709
480 52912 43480 45564
481 54192 32216 14199
482 50514 10578 5079
483 50819 10552 11336
484 52934 25445 23976
485 54364 553 6163
486 50112 36850 39271
487 54922 19867 31507
488 52875 31971 41900
489 53660 2576 46044
490 51711 40248 1267
491 51903 30701 17456
492 54248 37930 25700
493 51983 32951 18028
494 50491 25861 3032
495 53734 24314 38158
496 53348 38917 8400
497 51820 21260 11813
498 51779 48242 44632
499 53916 40070 16446
500 50108 1490 36881
501 52876 184 338
502 54561 -93 -13
503 53316 323 370
504 54931 -211 -115
505 52986 201 271
506 51605 -59 -244
507 53379 250 303
508 50338 -152 -272
509 52940 240 134
510 52321 -150 -13
511 54008 399 329
512 52204 -259 -169
513 52660 294 323
514 51072 -143 -167
515 53251 471 269
516 50041 -198 -107
517 50862 472 229
518 51339 -385 -59
519 50567 236 412
520 54786 -80 -466
521 53218 281 395
522 51502 -338 -161
523 52328 144 460
524 51714 -469 -23
525 52840 158 254
526 51310 -143 -385
527 53928 12 443
528 52471 -1 -38
529 50864 460 190
530 53562 -344 -241
531 53249 102 34
532 54693 -202 -316
533 50513 105 221
534 51374 -369 -341
535 53850 301 107
536 50887 -247 -338
537 51735 314 186
538 54156 -435 -87
539 51344 59 470
540 53365 -443 -141
541 52795 282 423
542 54280 -269 -154
543 50202 487 250
544 52295 -157 -281
545 54507 480 71
546 54779 -459 -298
547 50015 322 457
548 50933 -153 -214
549 51203 28 211
550 50515 -304 -403
551 52315 177 112
552 50534 -337 -284
553 52762 266 70
554 51533 -349 -16
555 53518 245 59
556 54262 -54 -242
557 50114 219 487
558 54105 -135 -261
559 50847 341 148
560 51156 -414 -151
561 51796 88 464
562 53994 -495 -380
563 53848 292 269
564 50759 -485 -99
565 53889 401 468
566 54789 -42 -3
567 53610 459 326
568 50589 -197 -311
569 54506 195 68
570 50869 -285 -178
571 53115 26 123
572 53514 -163 -207
573 50323 395 70
574 50917 -297 -139
575 51806 32 80
576 51959 -74 -313
577 54515 33 177
578 50596 -283 -389
579 51310 495 37
580 54909 -139 -236
581 53421 240 397
582 54640 -268 -465
583 51945 90 435
584 50040 -485 -308
585 50206 445 443
586 54319 -84 -322
587 54638 65 365
588 50073 -371 -455
589 53578 405 472
590 50118 -371 -204
591 50746 59 400
592 52756 -58 -225
593 54842 333 290
594 51335 -424 -269
595 53538 408 122
596 51581 -479 -170
597 50931 25 81
598 54873 -145 -254
599 54600 134 320
600 52415 -454 -38
601 53629 304 156
602 50257 -424 -493
603 52031 69 492
604 53151 -344 -72
605 50568 400 184
606 54065 -63 -454
607 54343 54 77
608 53786 -494 -21
609 51758 374 191
610 53069 -261 -432
611 52054 424 172
612 50054 -453 -285
613 52864 302 310
614 53523 -50 -56
615 53902 30 51
616 53924 -56 -247
617 50094 410 486
618 53851 -164 -434
619 51564 170 41
620 51176 -333 -244
621 53442 482 44
622 54535 -319 -20
623 52369 52 477
624 50071 -174 -100
625 52305 312 476
626 51398 -117 -300
627 52826 425 381
628 54695 -197 -381
629 50985 433 20
630 54311 -277 -224
631 50383 357 458
632 54437 -290 -148
633 51331 445 493
634 51696 -75 -194
635 53437 411 93
636 53790 -398 -288
637 50296 256 113
638 53149 -327 -41
639 52661 330 466
640 52403 -497 -397
641 53582 417 273
642 53280 -136 -391
643 52019 29 312
644 50296 -100 -106
645 53976 73 413
646 52675 -263 -453
647 54440 360 446
648 52388 -298 -417
649 51599 10 357
650 54520 -347 -351
651 50206 426 34
652 52988 -295 -236
653 54723 330 99
654 51863 -486 -476
655 52102 289 147
656 52329 -313 -166
657 51411 299 364
658 50482 -475 -429
659 50240 11 318
660 53288 -141 -186
661 54472 285 375
662 50604 -2 -196
663 53432 397 3
664 54249 -322 -453
665 50731 254 485
666 50215 -15 -369
667 50977 137 284
668 53731 -403 -387
669 51185 81 271
670 53894 -109 -155
671 52848 183 278
672 54954 -492 -394
673 52673 464 60
674 52310 -373 -380
675 51506 261 356
676 50058 -8 -200
677 51547 134 204
678 54792 -418 -370
679 52839 183 0
680 54426 -411 -422
681 54270 90 34
682 51505 -376 -402
683 53990 220 287
684 53598 -422 -329
685 51829 397 24
686 52176 -194 -322
687 52859 249 198
688 54563 -450 -337
689 52499 3 65
690 50845 -422 -206
691 51935 385 94
692 50302 -208 -123
693 53781 232 399
694 53190 -43 -374
695 51303 384 204
696 54038 -191 -46
697 53152 216 286
698 53751 -268 -258
699 51321 453 18
700 52099 -217 -96
701 53713 489 178
702 53504 -94 -458
703 53396 79 73
704 52693 -466 -155
705 51866 98 220
706 50802 -354 -123
707 51892 166 259
708 52542 -236 -212
709 53831 245 392
710 51533 -246 -24
711 52389 145 459
712 54847 -472 -197
713 54525 198 14
714 54282 -188 -396
715 53260 288 87
716 51934 -132 -78
717 50444 420 367
718 50409 -33 -428
719 52821 209 249
720 50137 -295 -353
721 54209 47 432
722 50195 -348 -471
723 51698 98 145
724 50656 -188 -261
725 54278 72 140
726 50007 -413 -83
727 51038 64 288
728 51935 -421 -65
729 54206 268 442
730 51345 -222 -320
731 54246 314 432
732 50290 -223 -154
733 53105 461 2
734 50940 -456 -104
735 50669 108 385
736 54934 -200 -434
737 50781 35 395
738 54919 -4 -30
739 52441 237 478
740 53244 -451 -154
741 52829 347 262
742 53598 -280 -135
743 54644 0 119
744 52397 -321 -492
745 51328 497 127
746 50349 -71 -356
747 52747 345 357
748 52782 -180 -441
749 54924 80 148
750 52968 -365 -387
751 50394 44 454
752 54540 -286 -397
753 50898 391 145
754 54363 -464 -153
755 52784 104 70
756 52807 -444 -174
757 50859 101 11
758 50161 -376 -332
759 53188 413 50
760 54894 -473 -230
761 54551 445 78
762 53322 -411 -318
763 50999 224 224
764 51241 -353 -288
765 52634 451 166
766 53309 -184 -345
767 53937 61 95
768 52809 -143 -307
769 54343 179 95
770 53865 -26 -469
771 51192 294 356
772 54085 -51 -465
773 52197 333 372
774 52923 -343 -47
775 53352 159 471
776 51699 -384 -199
777 53353 411 104
778 54293 -154 -324
779 52410 100 88
780 50652 -251 -453
781 52801 201 264
782 52856 -55 -311
783 50906 289 294
784 50017 -235 -484
785 50989 185 221
786 54233 -178 -393
787 52659 242 427
788 53558 -44 -274
789 54494 273 61
790 54077 -417 -368
791 51862 460 423
792 51198 -331 -498
793 51955 129 228
794 52149 -11 -409
795 52567 247 428
796 53009 -298 -112
797 50680 93 29
798 54736 -158 -274
799 51152 178 88
800 50941 -191 -50
801 51434 181 92
802 50083 -296 -131
803 53761 188 348
804 50475 -95 -445
805 54443 385 373
806 53571 -328 -323
807 50926 457 283
808 53759 -401 -363
809 52801 2 235
810 54592 -181 -177
811 52842 166 348
812 53752 -156 -323
813 51189 61 434
814 51403 -113 -40
815 50859 495 389
816 53674 -290 -156
817 50859 197 36
818 52393 -326 -161
819 50290 252 212
820 50170 -230 -427
821 52059 396 407
822 54707 -155 -344
823 53573 119 236
824 54762 -282 -494
825 51012 234 360
826 51535 -97 -398
827 50240 270 389
828 53110 -171 -88
829 50378 41 41
830 53430 -220 -483
831 50209 90 249
832 51825 -359 -383
833 50352 242 476
834 54143 -257 -398
835 50407 353 371
836 54727 -236 -347
837 54875 170 172
838 51699 -488 -79
839 52357 176 78
840 52225 -405 -474
841 52849 192 165
842 51066 -341 -401
843 54441 198 356
844 53720 -282 -36
845 50267 215 272
846 54444 -26 -349
847 52980 324 193
848 54106 -86 -441
849 53903 57 281
850 50757 -481 -342
851 54179 133 229
852 53460 -173 -278
853 50889 278 168
854 52785 -143 -32
855 51023 294 166
856 51753 -121 -411
857 50830 432 362
858 52138 -132 -279
859 51528 404 147
860 54750 -405 -72
861 52185 279 5
862 51786 -78 -264
863 50328 473 444
864 50016 -18 -4
865 51634 258 311
866 52922 -209 -148
867 53456 197 86
868 52827 -95 -164
869 51363 262 220
870 52362 -245 -275
871 53556 32 126
872 54665 -105 -119
873 51144 457 48
874 51139 -238 -367
875 52463 179 300
876 51326 -159 -16
877 54334 20 258
878 54621 -300 -37
879 51018 44 29
880 53115 -48 -314
881 51782 96 38
882 50926 -201 -96
883 53898 119 359
884 53483 -114 -237
885 50564 96 495
886 53291 -110 -143
887 52490 331 233
888 51699 -184 -164
889 52489 120 178
890 50437 -195 -143
891 52634 199 328
892 52336 -25 -269
893 54597 89 267
894 52557 -446 -96
895 54998 159 91
896 54087 -416 -197
897 51164 311 301
898 53628 -209 -428
899 54956 416 135
900 50417 -419 -397
901 53974 484 270
902 50628 -305 -177
903 53849 454 282
904 53821 -119 -47
905 54719 481 294
906 54218 -315 -250
907 54186 35 458
908 50079 -52 -300
909 54183 428 286
910 54470 -101 -297
911 50893 272 479
912 50419 -95 -440
913 53762 34 79
914 50533 -80 -447
915 52194 228 346
916 54289 -258 -252
917 54029 176 58
918 54664 -308 -427
919 51902 403 206
920 54696 -344 -412
921 50831 279 3
922 50480 -340 -443
923 54536 442 154
924 54104 -56 -139
925 51729 78 453
926 52968 -163 -113
927 51697 71 117
928 51897 -355 -96
929 54816 169 464
930 50440 -114 -252
931 54570 421 311
932 51678 -438 -184
933 52334 460 498
934 52344 -157 -473
935 54160 103 490
936 51797 -296 -51
937 50529 48 383
938 50377 -241 -438
939 53157 240 224
940 52221 -263 -132
941 50822 376 363
942 53034 -388 -208
943 52701 477 371
944 50325 -498 -466
945 54378 422 3
946 52663 -99 -275
947 52112 156 103
948 50011 -8 -306
949 54041 307 334
950 54380 -272 -234
951 53705 231 35
952 51409 -393 -235
953 53179 204 23
954 52653 -65 -139
955 54554 163 34
956 53750 -65 -115
957 53054 248 292
958 51295 -369 -410
959 54588 173 351
960 50710 -148 -312
961 54406 2 183
962 51435 -225 -415
963 50151 235 14
964 51819 -195 -170
965 52713 354 175
966 50005 -400 -401
967 54097 92 159
968 53991 -220 -226
969 54844 272 73
970 54902 -172 -35
971 53551 254 352
972 50455 -226 -378
973 50633 167 52
974 52560 -134 -94
975 53138 93 202
976 51212 -91 -331
977 50947 140 493
978 53598 -404 -108
979 54283 203 14
980 51680 -271 -54
981 53307 315 224
982 50245 -437 -85
983 52340 402 46
984 52019 -114 -398
985 51177 485 437
986 54450 -396 -254
987 54609 88 100
988 53988 -144 -355
989 50991 52 467
990 54425 -346 -172
991 52518 44 81
992 54145 -162 -446
993 50308 234 486
994 50067 -237 -298
995 52284 452 306
996 51682 -326 -126
997 54312 176 99
998 50952 -55 -28
999 50984 227 242
1000 51277 -477 -497
1001 50069 384 45
1002 51577 -246 -241
1003 53998 212 58
1004 50884 -401 -360
1005 51498 468 452
1006 50244 -408 -109
1007 53896 175 409
1008 51951 -96 -343
1009 51608 234 164
1010 54587 -204 -405
1011 54274 218 286
1012 52030 -227 -160
1013 54104 294 98
1014 54963 -54 -109
1015 51271 20 194
1016 51036 -403 -178
1017 52906 282 181
1018 54629 -124 -92
1019 53052 204 381
1020 54080 -381 -126
1021 53356 328 388
1022 54100 -256 -81
1023 50522 403 58
1024 54871 -77 -41
1025 54823 109 43
1026 52302 -132 -125
1027 54308 487 481
1028 54578 -271 -95
1029 54597 237 45
1030 54091 -458 -95
1031 54133 282 261
1032 52120 -138 -226
1033 50541 108 71
1034 51943 -214 -423
1035 50139 470 270
1036 50922 -132 -409
1037 50679 389 474
1038 54504 -53 -167
1039 54242 104 159
1040 50813 -462 -310
1041 54362 239 202
1042 52108 -187 -240
1043 53811 363 393
1044 54147 -437 -155
1045 54115 17 415
1046 53595 -143 -225
1047 51758 161 269
1048 53674 -76 -13
1049 54143 416 263
1050 51357 -316 -269
1051 50681 315 151
1052 51305 -103 -257
1053 53931 32 435
1054 50561 -257 -471
1055 50222 236 272
1056 53042 -368 -416
1057 51697 195 427
1058 51252 -52 -481
1059 52114 53 380
1060 53309 -347 -491
1061 54760 251 308
1062 54202 -302 -488
1063 51596 74 141
1064 52118 -257 -303
1065 54495 290 445
1066 54855 -387 -206
1067 52040 217 304
1068 51630 -466 -47
1069 51127 148 153
1070 52603 -82 -223
1071 53198 29 53
1072 51598 -142 -386
1073 51535 126 208
1074 52663 -388 -186
1075 51125 214 211
1076 54788 -126 -324
1077 53424 432 418
1078 52545 -240 -361
1079 51575 193 79
1080 54733 -135 -246
1081 54128 70 259
1082 53779 -291 -468
1083 53403 369 303
1084 54192 -234 -407
1085 51634 45 68
1086 54984 -452 -53
1087 54734 393 134
1088 52391 -195 -24
1089 50391 336 1
1090 51893 -161 -73
1091 52239 1 13
1092 52226 -328 -445
1093 54714 188 449
1094 50851 -283 -450
1095 52557 12 54
1096 54332 -426 -20
1097 54411 84 447
1098 53659 -141 -348
1099 50582 412 377
1100 51944 -209 -413
1101 53698 27 5
1102 53963 -298 -441
1103 50406 406 191
1104 54191 -163 -407
1105 53379 364 135
1106 52774 -44 -34
1107 54054 237 250
1108 50568 -92 -219
1109 54746 72 173
1110 54927 -318 -390
1111 54507 201 474
1112 53534 -365 -319
1113 54737 394 473
1114 50131 -392 -448
1115 53828 393 17
1116 54440 -300 -409
1117 52230 259 367
1118 52030 -289 -232
1119 54652 59 423
1120 53096 -389 -147
1121 53278 100 153
1122 51066 -33 -268
1123 52874 54 322
1124 54470 -115 -438
1125 54685 209 259
1126 53051 -326 -337
1127 51151 454 427
1128 50418 -422 -183
1129 54434 277 113
1130 50926 -175 -299
1131 53017 241 497
1132 50083 -397 -9
1133 53001 401 396
1134 54363 -32 -88
1135 54940 435 244
1136 54643 -214 -234
1137 50926 205 181
1138 52878 -34 -258
1139 52768 390 399
1140 53292 -421 -472
1141 53487 148 343
1142 52013 -13 -152
1143 51317 199 111
1144 53697 -390 -244
1145 52534 268 460
1146 52720 -224 -465
1147 54812 137 269
1148 51223 -27 -426
1149 51390 362 114
1150 52038 -2 -227
1151 51167 68 443
1152 52837 -293 -433
1153 52360 244 152
1154 52433 -332 -45
1155 53553 317 202
1156 52052 -314 -85
1157 51336 306 489
1158 51868 -280 -267
1159 50554 13 358
1160 54853 -304 -263
1161 51900 188 457
1162 50573 -295 -375
1163 50185 180 15
1164 54882 -104 -147
1165 52534 336 483
1166 52628 -436 -76
1167 51798 129 56
1168 50516 -395 -413
1169 51706 214 311
1170 53757 -430 -30
1171 52425 189 139
1172 53861 -84 -13
1173 54004 119 420
1174 54633 -87 -356
1175 53272 443 190
1176 51427 -4 -81
1177 51987 325 76
1178 53128 -449 -17
1179 51396 337 453
1180 50177 -202 -76
1181 50417 26 398
1182 53597 -460 -443
1183 53392 495 83
1184 51109 -210 -263
1185 52166 25 137
1186 51929 -479 -8
1187 50356 66 165
1188 50822 -245 -330
1189 52002 29 300
1190 52358 -229 -208
1191 52244 405 364
1192 52641 -49 -52
1193 52267 491 76
1194 52355 -489 -250
1195 54025 467 276
1196 50014 -91 -195
1197 52586 102 23
1198 50019 -463 -210
1199 54058 408 493
1200 53287 -68 -278
1201 50805 315 499
1202 51689 -3 -242
1203 51624 61 150
1204 53013 -332 -151
1205 53505 24 294
1206 51680 -408 -391
1207 54071 278 384
1208 52725 -273 -347
1209 51959 407 319
1210 52732 -313 -228
1211 54279 34 399
1212 50283 -462 -388
1213 50027 453 57
1214 54282 -407 -257
1215 50181 191 89
1216 54906 -277 -345
1217 50950 322 66
1218 50140 -300 -254
1219 53170 413 479
1220 52015 0 -11
1221 53262 237 410
1222 50332 -35 -69
1223 50142 87 290
1224 51317 -394 -82
1225 51799 128 387
1226 54693 -297 -482
1227 52943 359 488
1228 50534 -369 -253
1229 51322 192 255
1230 50331 -356 -169
1231 51886 455 287
1232 54868 -313 -410
1233 53128 397 182
1234 54706 -90 -370
1235 53035 78 5
1236 52716 -496 -85
1237 52019 431 373
1238 52710 -148 -264
1239 54192 278 243
1240 50835 -129 -129
1241 51899 274 200
1242 54668 -101 -79
1243 52875 303 234
1244 54639 -395 -286
1245 52069 38 183
1246 52256 -444 -57
1247 51738 59 198
1248 54621 -62 -421
1249 52764 459 205
1250 51720 -41 -210
1251 53427 34 385
1252 53647 -431 -315
1253 53694 238 489
1254 53118 -350 -378
1255 53994 124 260
1256 50765 -355 -436
1257 53866 434 168
1258 51446 -116 -17
1259 51867 48 65
1260 53528 -455 -121
1261 53488 252 426
1262 51372 -383 -264
1263 54880 95 359
1264 53213 -380 -224
1265 53233 252 497
1266 51503 -67 -297
1267 50589 96 295
1268 53574 -205 -434
1269 54882 411 392
1270 51579 -133 -191
1271 51111 246 326
1272 52254 -340 -139
1273 50132 120 361
1274 54734 -72 -426
1275 54620 150 187
1276 50993 -167 -332
1277 51427 76 250
1278 54923 -22 -417
1279 52280 294 478
1280 54722 -55 -56
1281 54238 257 229
1282 50732 -207 -177
1283 52843 393 453
1284 51843 -472 -199
1285 53465 345 167
1286 51540 -29 -460
1287 51537 406 176
1288 50348 -482 -400
1289 51285 43 246
1290 50045 -367 -158
1291 54524 319 345
1292 50742 -11 -302
1293 53880 193 288
1294 50419 -4 -96
1295 52048 98 133
1296 52686 -41 -237
1297 54173 222 259
1298 53417 -365 -385
1299 50469 8 372
1300 54653 -276 -200
1301 51491 232 177
1302 51982 -40 -214
1303 52691 49 243
1304 54043 -146 -375
1305 52063 66 270
1306 52243 -192 -125
1307 53358 312 124
1308 53323 -493 -206
1309 54618 378 225
1310 53644 -339 -372
1311 50048 242 128
1312 53580 -320 -284
1313 54475 198 138
1314 52602 -439 -274
1315 50251 372 116
1316 51673 -395 -427
1317 52948 456 280
1318 52281 -241 -178
1319 53642 148 272
1320 53595 -284 -2
1321 52559 66 414
1322 50746 -362 -310
1323 54002 151 259
1324 53922 -248 -84
1325 51558 388 89
1326 50742 -47 -497
1327 50478 433 56
1328 52569 -234 -36
1329 52432 6 148
1330 51682 -464 -57
1331 53561 380 451
1332 51519 -435 -176
1333 52434 66 56
1334 50383 -155 -21
1335 54264 403 84
1336 51808 -150 -71
1337 51333 97 209
1338 50069 -174 -268
1339 51969 412 491
1340 52336 -479 -340
1341 54938 75 163
1342 53771 -111 -278
1343 50239 484 143
1344 52359 -259 -277
1345 52479 289 313
1346 53648 -200 -351
1347 52655 428 483
1348 54998 -325 -372
1349 53746 331 365
1350 53425 -112 -447
1351 54815 481 232
1352 50018 -197 -186
1353 54175 96 291
1354 54396 -227 -6
1355 54210 181 50
1356 50660 -104 -426
1357 52202 119 409
1358 54952 -223 -440
1359 52494 408 490
1360 52939 -169 -12
1361 51052 179 491
1362 50082 -127 -303
1363 54059 413 125
1364 52146 -493 -220
1365 53178 78 419
1366 53460 -10 -145
1367 50603 358 499
1368 50699 -12 -451
1369 52819 244 126
1370 50899 -50 -26
1371 52033 82 453
1372 53498 -19 -424
1373 52957 252 197
1374 54160 -162 -218
1375 54437 249 128
1376 53076 -213 -11
1377 50477 285 422
1378 52054 -410 -96
1379 52700 225 43
1380 53271 -109 -46
1381 50062 172 27
1382 50204 -340 -298
1383 53147 274 450
1384 53767 -253 -459
1385 54899 160 384
1386 51590 -176 -338
1387 50384 446 381
1388 52748 -80 -349
1389 54084 496 471
1390 51470 -157 -8
1391 53839 222 464
1392 53201 -263 -408
1393 51465 484 125
1394 54500 -52 -244
1395 53483 133 321
1396 54435 -250 -248
1397 51694 301 96
1398 54133 -120 -240
1399 50183 41 295
1400 52306 -207 -487
1401 50934 344 248
1402 50643 -435 -139
1403 51180 7 366
1404 50511 -59 -258
1405 54333 271 396
1406 52089 -242 -473
1407 52304 163 262
1408 51670 -34 -373
1409 53507 340 269
1410 50331 -69 -344
1411 50039 38 6
1412 50514 0 -38
1413 50639 496 250
1414 51318 -226 -249
1415 54214 336 293
1416 50812 -333 -51
1417 54352 412 465
1418 52502 -399 -451
1419 54871 190 461
1420 51083 -218 -46
1421 54087 303 328
1422 51052 -92 -364
1423 51089 325 359
1424 51943 -437 -484
1425 54620 354 80
1426 52979 -144 -86
1427 50164 358 195
1428 52790 -419 -398
1429 54821 384 111
1430 51912 -173 -119
1431 54634 356 166
1432 50697 -478 -380
1433 50061 6 322
1434 51568 -374 -189
1435 54034 263 426
1436 51207 -252 -365
1437 50220 370 375
1438 53049 -247 -393
1439 52475 345 480
1440 54701 -169 -213
1441 53102 11 2
1442 52168 -92 -215
1443 54809 259 296
1444 53939 -77 -319
1445 51090 334 149
1446 54408 -173 -181
1447 50019 388 220
1448 54918 -177 -378
1449 53340 197 375
1450 52812 -391 -161
1451 52232 26 235
1452 50204 -296 -258
1453 53705 160 23
1454 51485 -429 -120
1455 52385 173 352
1456 52967 -277 -362
1457 52244 96 26
1458 51289 -361 -285
1459 53454 330 397
1460 53858 -190 -35
1461 51078 121 389
1462 50588 -499 -476
1463 53726 96 497
1464 50562 -181 -406
1465 54420 175 35
1466 52923 -119 -160
1467 53908 313 95
1468 52332 -137 -310
1469 50077 253 192
1470 51593 -118 -24
1471 51199 231 311
1472 52045 -388 -468
1473 51456 479 171
1474 50529 -76 -427
1475 50705 234 245
1476 53803 -81 -287
1477 54039 141 478
1478 53413 -65 -244
1479 52171 72 124
1480 54623 -213 -113
1481 50825 453 223
1482 51831 -84 -183
1483 52797 172 135
1484 52776 -378 0
1485 54574 330 167
1486 53115 -328 -78
1487 50289 401 1
1488 51823 -165 -362
1489 51031 165 275
1490 53704 -286 -8
1491 51979 124 182
1492 54243 -412 -270
1493 52769 42 8
1494 54323 -82 -379
1495 53644 378 438
1496 53657 -322 -150
1497 51329 305 158
1498 52245 -496 -360
1499 53448 232 474
1500 51741 -351 -80
1501 54251 272 200
1502 54694 -207 -256
1503 50640 490 221
1504 52882 -178 -171
1505 50330 409 18
1506 53556 -182 -74
1507 51989 158 248
1508 50619 -424 -143
1509 51041 114 428
1510 53878 -499 -396
1511 53615 312 423
1512 53849 -469 -490
1513 50706 470 180
1514 51168 -475 -276
1515 53483 38 33
1516 54294 -345 -99
1517 51847 16 487
1518 54326 -143 -71
1519 51341 96 382
1520 52480 -251 -292
1521 54196 119 166
1522 52394 -392 -80
1523 52146 96 52
1524 51853 -378 -97
1525 50345 317 214
1526 51643 -110 -56
1527 54527 470 237
1528 54508 -471 -167
1529 54012 388 115
1530 53110 -306 -178
1531 53222 107 0
1532 54207 -219 -118
1533 50484 375 443
1534 53146 -280 0
1535 54198 435 424
1536 52015 -172 -413
1537 53260 108 177
1538 50203 -188 -31
1539 51879 371 398
1540 53545 -16 -313
1541 50838 117 226
1542 51739 -66 -131
1543 53450 424 227
1544 51023 -93 -143
1545 52286 120 448
1546 50400 -497 -371
1547 52232 227 195
1548 51125 -1 -427
1549 52874 335 260
1550 51683 -261 -423
1551 54387 22 349
1552 50774 -408 -407
1553 54192 168 52
1554 50491 -189 -75
1555 50812 499 498
1556 50073 -238 -190
1557 52863 459 92
1558 50571 -335 -14
1559 50342 113 349
1560 54200 -87 -206
1561 53006 154 427
1562 54124 -191 -421
1563 54136 354 287
1564 50599 -7 -172
1565 52270 368 95
1566 53357 -421 -421
1567 50758 138 313
1568 52907 -394 -196
1569 54014 298 275
1570 53527 -41 -323
1571 54121 434 198
1572 52545 -153 -369
1573 54174 467 1
1574 54288 -40 -298
1575 52856 258 360
1576 52437 -344 -450
1577 50361 45 360
1578 50030 -447 -4
1579 51899 460 188
1580 51109 -86 -357
1581 51789 169 74
1582 52699 -289 -340
1583 50182 456 291
1584 53390 -225 -237
1585 53188 364 51
1586 53048 -302 -39
1587 52468 441 400
1588 51627 -402 -20
1589 51137 477 181
1590 54704 -459 -72
1591 52121 221 455
1592 53259 -374 -331
1593 54379 14 75
1594 52252 -386 -38
1595 54014 370 113
1596 53203 -402 -233
1597 54046 265 256
1598 51599 -482 -395
1599 51116 249 261
1600 52594 -291 -52
1601 54802 402 31
1602 51346 -372 -470
1603 54089 306 296
1604 50486 -359 -177
1605 52789 441 295
1606 54515 -290 -332
1607 50887 173 484
1608 53873 -220 -228
1609 50588 167 286
1610 51594 -457 -220
1611 51565 80 466
1612 50799 -19 -194
1613 51167 324 248
1614 53501 -120 -417
1615 52737 60 232
1616 50175 -50 -7
1617 53700 272 384
1618 54741 -244 -149
1619 54976 165 317
1620 53054 -253 -223
1621 50471 227 373
1622 53856 -243 -219
1623 51994 345 154
1624 54350 -312 -357
1625 50406 280 71
1626 52824 -45 -170
1627 51584 165 133
1628 51690 -78 -124
1629 53110 138 432
1630 50080 -69 -267
1631 52405 124 378
1632 51625 0 -450
1633 53488 0 376
1634 53961 -15 -444
1635 53854 85 398
1636 54033 -288 -341
1637 52701 80 363
1638 50262 -190 -202
1639 51604 353 220
1640 53081 -302 -155
1641 52196 399 129
1642 52413 -98 -361
1643 52760 138 291
1644 52525 -428 -278
1645 52364 37 217
1646 52751 -226 -258
1647 53612 102 136
1648 50747 -52 -358
1649 52167 378 222
1650 50215 -6 -240
1651 51991 311 39
1652 50291 -367 -203
1653 50782 305 213
1654 53208 -26 -428
1655 53282 490 330
1656 53455 -415 -47
1657 51433 406 100
1658 50779 -355 -495
1659 51895 113 137
1660 51992 -348 -414
1661 52991 0 222
1662 53488 -383 -368
1663 54488 312 260
1664 50255 -408 -416
1665 50406 370 357
1666 51409 -282 -443
1667 54544 289 72
1668 51926 -42 -148
1669 54015 394 140
1670 54970 -354 -267
1671 54043 379 225
1672 53642 -210 -65
1673 50173 463 432
1674 51671 -3 -402
1675 50167 121 317
1676 51785 -160 -100
1677 53903 181 181
1678 53536 -244 -176
1679 50506 191 124
1680 51439 -258 -176
1681 51281 62 497
1682 54523 -473 -239
1683 52770 403 35
1684 54857 -242 -267
1685 51492 70 44
1686 51960 -487 -304
1687 53064 64 165
1688 50637 -290 -191
1689 53591 177 43
1690 54609 -300 -362
1691 54482 425 59
1692 54692 -84 -159
1693 53844 314 246
1694 53131 -181 -423
1695 53439 127 257
1696 51597 -252 -253
1697 51810 421 487
1698 53800 -58 -288
1699 53432 363 254
1700 54444 -63 -413
1701 51056 155 45
1702 53319 -90 -111
1703 52590 371 76
1704 54321 -451 -72
1705 54119 306 414
1706 51623 -58 -229
1707 53245 333 135
1708 51531 -256 -241
1709 53765 145 257
1710 53976 -250 -179
1711 51909 294 377
1712 51486 -39 -336
1713 51633 5 220
1714 50643 -62 -114
1715 50280 417 127
1716 52809 -391 -370
1717 51124 321 413
1718 54740 -450 -376
1719 50963 483 172
1720 50853 -291 -272
1721 51207 36 356
1722 50115 -418 -361
1723 54122 424 251
1724 50472 -194 -82
1725 50512 496 67
1726 53819 -334 -461
1727 51718 367 198
1728 53034 -25 -327
1729 54218 220 81
1730 52331 -376 -497
1731 51157 359 245
1732 52661 -455 -247
1733 50535 61 152
1734 51456 -217 -426
1735 53150 365 104
1736 54004 -305 -284
1737 51310 157 118
1738 51866 -26 -25
1739 54732 444 201
1740 53841 -345 -15
1741 52126 206 173
1742 54456 -137 -354
1743 52752 460 24
1744 51881 -333 -228
1745 50646 16 130
1746 54897 -299 -305
1747 52113 409 345
1748 53074 -422 -34
1749 50773 202 198
1750 53779 -61 -251
1751 50869 309 9
1752 53819 -50 -334
1753 50225 175 346
1754 52849 -45 -220
1755 50989 41 53
1756 52523 -356 -181
1757 51978 466 384
1758 53858 -105 -151
1759 54110 124 304
1760 51882 -482 -126
1761 52281 82 488
1762 54796 -251 -467
1763 50749 426 459
1764 51139 -237 -88
1765 52932 56 409
1766 54470 -211 -298
1767 53530 175 4
1768 53211 -180 -2
1769 50027 362 139
1770 54299 -490 -56
1771 53863 105 150
1772 52960 -216 -339
1773 50913 482 496
1774 50545 -158 -284
1775 54402 403 292
1776 54531 -355 -8
1777 52666 77 260
1778 54542 -299 -234
1779 51206 238 43
1780 51157 0 -466
1781 53177 72 185
1782 52960 -181 -366
1783 54472 151 338
1784 52783 -53 -350
1785 52872 236 140
1786 51695 -99 -156
1787 52049 270 436
1788 51104 -437 -233
1789 54850 407 476
1790 53462 -450 -332
1791 51351 283 269
1792 52225 -298 -168
1793 54788 109 375
1794 54975 -396 -461
1795 53386 10 162
1796 54043 -432 -65
1797 50307 420 161
1798 53670 -29 -40
1799 54364 209 85
1800 53271 -327 -291
1801 53414 309 122
1802 50345 -240 -186
1803 52577 335 324
1804 50164 -176 -494
1805 51444 310 35
1806 51816 -103 -233
1807 53656 459 483
1808 50047 -70 -476
1809 53937 87 374
1810 52634 -31 -465
1811 52084 59 90
1812 50893 -351 -4
1813 54710 111 159
1814 52135 -435 -365
1815 53323 54 390
1816 54796 -43 -6
1817 54145 440 424
1818 51628 -458 -72
1819 50507 409 255
1820 51530 -9 -2
1821 50963 264 309
1822 52535 -228 -97
1823 53322 137 495
1824 53396 -175 -356
1825 52931 478 73
1826 51841 -405 -275
1827 53239 199 302
1828 51375 -158 -288
1829 52036 17 347
1830 50996 -292 -233
1831 53880 319 78
1832 52554 -213 -169
1833 54421 57 377
1834 52611 -436 -187
1835 53568 132 333
1836 54942 -149 -13
1837 51502 132 330
1838 54535 -94 -379
1839 54995 304 194
1840 53410 -40 -159
1841 52779 302 393
1842 54544 -475 -90
1843 54904 246 480
1844 52380 -117 -310
1845 54042 141 230
1846 53951 -353 -231
1847 54249 49 65
1848 52063 -87 -5
1849 54842 294 352
1850 54045 -400 -264
1851 53399 192 464
1852 51110 -165 -302
1853 52685 46 136
1854 52162 -115 -54
1855 52118 126 443
1856 54959 -454 -226
1857 54484 359 334
1858 53609 -316 -98
1859 54255 176 216
1860 53376 -416 -28
1861 51077 213 30
1862 50311 -464 -455
1863 54492 438 226
1864 54735 -113 -173
1865 50531 70 387
1866 54111 -424 -61
1867 51911 223 190
1868 50101 -86 -61
1869 50318 134 416
1870 51215 -9 -83
1871 53753 57 426
1872 52524 -283 -319
1873 51453 443 185
1874 54653 -194 -494
1875 51957 24 441
1876 54365 -416 -375
1877 52563 128 139
1878 54105 -188 -383
1879 51274 29 354
1880 52502 -454 -485
1881 51779 330 402
1882 52970 -14 -212
1883 53372 283 498
1884 52318 -458 -478
1885 50509 20 298
1886 52555 -30 -294
1887 52155 407 230
1888 52202 -8 -297
1889 50802 481 187
1890 53511 -381 -211
1891 53498 84 432
1892 52867 -281 -251
1893 53824 97 208
1894 54869 -334 -336
1895 53238 63 438
1896 53624 -451 -324
1897 51236 132 317
1898 51005 -140 -343
1899 53496 286 18
1900 51014 -479 -140
1901 52219 444 282
1902 51807 -195 -171
1903 51695 19 52
1904 53198 -98 -35
1905 54188 489 298
1906 50361 -34 -18
1907 53386 486 63
1908 53322 -82 -157
1909 50954 222 63
1910 51450 -312 -308
1911 53987 90 285
1912 54334 -26 -312
1913 52850 9 233
1914 51710 -53 -19
1915 50206 430 310
1916 51511 -231 -174
1917 54963 231 475
1918 51940 -416 -127
1919 50483 309 3
1920 50070 -397 -275
1921 52038 90 495
1922 54238 -395 -96
1923 54952 96 479
1924 50886 -390 -324
1925 54290 91 61
1926 51045 -236 -364
1927 52452 28 184
1928 52725 -203 -211
1929 50218 349 350
1930 52087 -184 -395
1931 54819 17 324
1932 50877 -414 -187
1933 53901 467 393
1934 52835 -290 -461
1935 50343 222 264
1936 50439 -496 -40
1937 54331 430 331
1938 54000 -445 -88
1939 53665 249 300
1940 54463 -419 -156
1941 50922 465 483
1942 53892 -408 -172
1943 50795 3 120
1944 50563 -20 -24
1945 51426 21 82
1946 50653 -274 -230
1947 52385 230 58
1948 52832 -249 -369
1949 50215 271 95
1950 53628 -358 -61
1951 50687 192 306
1952 54792 -144 -255
1953 52949 300 425
1954 52040 -495 -37
1955 53825 53 28
1956 53325 -95 -360
1957 53607 145 10
1958 54963 -77 -269
1959 52291 317 335
1960 51939 -361 -344
1961 52280 236 212
1962 50331 -224 -350
1963 51467 266 295
1964 54395 -327 -32
1965 51889 215 33
1966 52604 -50 -69
1967 52826 150 291
1968 51950 -292 -290
1969 54511 298 397
1970 52208 -229 -342
1971 52297 14 440
1972 51028 -298 -343
1973 53432 487 293
1974 52893 -57 -259
1975 51213 191 281
1976 50856 -311 -152
1977 51303 111 15
1978 52202 -480 -459
1979 50153 341 5
1980 50146 -432 -373
1981 53860 118 201
1982 50348 -191 -409
1983 54007 464 199
1984 54674 -343 -379
1985 52201 29 109
1986 53966 -16 -277
1987 50006 400 47
1988 54867 -124 -39
1989 51681 460 493
1990 52548 -418 -496
1991 53802 305 240
1992 50981 -80 -169
1993 54701 182 164
1994 51712 -46 -33
1995 51821 110 314
1996 52327 -387 -333
1997 51559 137 277
1998 51065 -341 -173
1999 53788 399 40
2000 54100 -490 -178
2001 53395 446 104
2002 53323 -459 -332
2003 51585 307 427
2004 53420 -283 -305
2005 54431 469 376
2006 51960 -48 -94
2007 51275 5 85
2008 51486 -268 -61
2009 53656 249 75
2010 52108 -266 -262
2011 54291 330 284
2012 54055 -478 -415
2013 51596 152 206
2014 52529 -162 -4
2015 50045 55 177
2016 50713 -457 -128
2017 51529 106 82
2018 53646 -275 -382
2019 50853 91 295
2020 51411 -337 -444
2021 53169 340 34
2022 53661 -69 -289
2023 53019 256 33
2024 54882 -338 -188
2025 53323 309 294
2026 54695 -47 -473
2027 53095 77 56
2028 50195 -389 -245
2029 54184 82 277
2030 50912 -428 -382
2031 54648 456 150
2032 50195 -20 -243
2033 51504 10 411
2034 52129 -372 -125
2035 50101 380 352
2036 51892 -374 -424
2037 54859 208 261
2038 53141 -129 -138
2039 54978 493 125
2040 52965 -207 -105
2041 54911 57 230
2042 50179 -74 -130
2043 54963 210 16
2044 50455 -373 -440
2045 50315 330 369
2046 51848 -37 -467
2047 50798 368 209
2048 54691 -190 -90
2049 52021 89 464
2050 54094 -354 -55
2051 51763 47 151
2052 53093 -7 -493
2053 50285 50 270
2054 50205 -150 -159
2055 50278 401 446
2056 50368 -327 -373
2057 50146 150 38
2058 51010 -18 -432
2059 50761 70 209
2060 50283 -300 -103
2061 51687 101 26
2062 50783 -489 -380
2063 52823 483 188
2064 52721 -325 -305
2065 50135 68 351
2066 51473 -369 -413
2067 50949 197 27
2068 51427 -439 -149
2069 54201 378 93
2070 54680 -85 -114
2071 50814 168 107
2072 51288 -48 -389
2073 54344 473 409
2074 50148 -71 -35
2075 50015 458 299
2076 53641 -137 -386
2077 50600 143 17
2078 50615 -156 -415
2079 54380 126 266
2080 52719 -374 -93
2081 52034 469 220
2082 53126 -411 -293
2083 52349 253 185
2084 52066 -226 -394
2085 54167 232 58
2086 52092 -327 -480
2087 54999 416 100
2088 53861 -186 -417
2089 52297 217 391
2090 51282 -116 -318
2091 53752 302 498
2092 50346 -100 -365
2093 54042 2 164
2094 52241 -227 -12
2095 53929 111 135
2096 51060 -96 -278
2097 52514 131 181
2098 53685 -381 -156
2099 51450 100 220
2100 51330 -98 -455
2101 53650 254 355
2102 54369 -399 -141
2103 52258 313 493
2104 53659 -32 -348
2105 53934 97 302
2106 52139 -260 -372
2107 51181 169 110
2108 52711 -3 -193
2109 51582 404 283
2110 52399 -50 -328
2111 52863 475 394
2112 51152 -492 -169
2113 51704 233 42
2114 51072 -292 -119
2115 52642 398 373
2116 51772 -167 -439
2117 53839 333 462
2118 53988 -278 -435
2119 53974 277 184
2120 53385 -193 -53
2121 54584 131 114
2122 52981 -23 -189
2123 54339 238 437
2124 53747 -130 -237
2125 50518 297 368
2126 53088 -170 -125
2127 50646 402 150
2128 51263 -284 -326
2129 53663 339 345
2130 50678 -306 -403
2131 50156 266 15
2132 54016 -444 -129
2133 52917 175 180
2134 53387 -41 -478
2135 52903 209 145
2136 54472 -330 -208
2137 52019 158 121
2138 54498 -190 -127
2139 51110 295 447
2140 53558 -223 -124
2141 51699 358 56
2142 54195 -150 -119
2143 53375 94 22
2144 53107 -254 -157
2145 53401 37 40
2146 54140 -471 -127
2147 54954 55 0
2148 50494 -272 -61
2149 51912 298 315
2150 51981 -297 -388
2151 53057 479 185
2152 51396 -239 -266
2153 54797 464 225
2154 50791 -229 -384
2155 54860 268 143
2156 53699 -436 -44
2157 51108 444 91
2158 52277 -145 -435
2159 50597 216 327
2160 53430 -429 -31
2161 52359 140 367
2162 54372 -139 -164
2163 51401 50 288
2164 52823 -14 -56
2165 51637 276 446
2166 54293 -474 -215
2167 53897 320 489
2168 51434 -89 -342
2169 52204 308 49
2170 53876 -246 -338
2171 50509 322 50
2172 53420 -157 -402
2173 52769 381 432
2174 54332 -166 -396
2175 50365 37 214
2176 52965 -317 -478
2177 54734 4 314
2178 54849 -160 -44
2179 53628 426 490
2180 53942 -403 -239
2181 54093 15 283
2182 51768 -51 -301
2183 53591 223 355
2184 54007 -494 -389
2185 54825 455 465
2186 50032 -273 -145
2187 53101 452 293
2188 53250 -385 -485
2189 53405 109 162
2190 52247 -403 -240
2191 53921 337 213
2192 53506 -2 -435
2193 50445 22 263
2194 51900 -473 -485
2195 54822 112 37
2196 52121 -260 -466
2197 52156 466 178
2198 52225 -129 -243
2199 51187 1 1
2200 52404 -228 -398
2201 52520 472 496
2202 54237 -410 -143
2203 51124 493 455
2204 52102 -136 -388
2205 50459 25 470
2206 54513 -212 -283
2207 53722 96 118
2208 54298 -82 -329
2209 51106 59 202
2210 54326 -58 -169
2211 52014 82 434
2212 51189 -130 -303
2213 51810 260 275
2214 54798 -213 -192
2215 53006 134 294
2216 51157 -183 -276
2217 52487 113 174
2218 54108 -233 -152
2219 51345 409 126
2220 53008 -361 -374
2221 50051 291 280
2222 51548 -31 -465
2223 51320 276 312
2224 50724 -205 -477
2225 54581 247 56
2226 50218 -404 -133
2227 54817 149 13
2228 52750 -107 -236
2229 51249 193 418
2230 53997 -58 -115
2231 54187 383 315
2232 53282 -101 -59
2233 54008 118 47
2234 54327 -303 -172
2235 51569 278 301
2236 52769 -222 -286
2237 54323 7 328
2238 52033 -327 -283
2239 53093 394 184
2240 53830 -491 -384
2241 53031 52 366
2242 52964 -333 -492
2243 52986 80 235
2244 50192 -106 -202
2245 52600 404 221
2246 50185 -490 -198
2247 51745 108 206
2248 50255 -477 -234
2249 54876 192 356
2250 50634 -295 -84
2251 51862 155 420
2252 51292 -347 -52
2253 52545 363 152
2254 53885 -459 -457
2255 53385 487 261
2256 54067 -110 -269
2257 54692 245 352
2258 54935 -346 -269
2259 51998 460 483
2260 53997 -366 -163
2261 52941 108 143
2262 51352 -400 -355
2263 50320 194 156
2264 51687 -204 -407
2265 50612 139 439
2266 50762 -262 -391
2267 52226 387 470
2268 53150 -142 -35
2269 52556 317 245
2270 54397 -475 -322
2271 54708 419 157
2272 54576 -70 -489
2273 51433 63 371
2274 53174 -125 -129
2275 53462 35 34
2276 50285 -200 -54
2277 52492 148 497
2278 50576 -373 -349
2279 52718 47 495
2280 53781 -431 -462
2281 50624 364 478
2282 52186 -317 -143
2283 52559 16 468
2284 52406 -458 -14
2285 50509 24 385
2286 53913 -301 -459
2287 50363 300 136
2288 50538 -197 -84
2289 52415 447 114
2290 51714 -216 -253
2291 50205 69 202
2292 54719 -440 -81
2293 51872 363 278
2294 50558 -204 -136
2295 51997 373 158
2296 50535 -19 -262
2297 54259 385 217
2298 53242 -462 -429
2299 50628 81 185
2300 51217 -308 -484
2301 53736 215 224
2302 50754 -288 -72
2303 53119 165 360
2304 53614 -130 -221
2305 51575 347 272
2306 50340 -364 -418
2307 50230 426 250
2308 52821 -382 -404
2309 51743 288 407
2310 50216 -460 -301
2311 53716 166 486
2312 52510 -95 -137
2313 53360 296 170
2314 52687 -93 -373
2315 53637 246 184
2316 50741 -341 -253
2317 53059 360 29
2318 50218 -68 -454
2319 50241 164 405
2320 54255 -403 -315
2321 53111 341 110
2322 53362 -232 -426
2323 54261 190 390
2324 52431 -313 -495
2325 50448 453 136
2326 53667 -203 -129
2327 51839 153 462
2328 52696 -458 -267
2329 51192 340 87
2330 54234 -71 -395
2331 52017 431 195
2332 52744 -12 -156
2333 52612 150 62
2334 51207 -275 -79
2335 52652 52 239
2336 52811 -318 -407
2337 50077 108 406
2338 54239 -372 -258
2339 52087 172 249
2340 54438 -348 -496
2341 52908 67 259
2342 54777 -420 -103
2343 50535 26 259
2344 52570 -329 -485
2345 51469 281 258
2346 50628 -363 -102
2347 51505 66 154
2348 52859 -409 -434
2349 52663 189 184
2350 53042 -102 -145
2351 51462 202 207
2352 52691 -383 -421
2353 54780 172 252
2354 52817 -347 -129
2355 53663 149 266
2356 52324 -297 -411
2357 54347 356 301
2358 50352 -55 -400
2359 53036 1 40
2360 52155 -68 -430
2361 54223 407 174
2362 55000 -206 -7
2363 51069 413 393
2364 52094 -481 -272
2365 50660 300 110
2366 52942 -219 -370
2367 54022 214 235
2368 53463 -409 -86
2369 54850 123 304
2370 51599 -28 -146
2371 53668 299 80
2372 54912 -247 -255
2373 50424 110 328
2374 53896 -291 -362
2375 50054 142 82
2376 50445 -405 -21
2377 51580 38 221
2378 51400 -59 -442
2379 51056 21 161
2380 53660 -264 -19
2381 50862 442 362
2382 51756 -30 -308
2383 52426 387 112
2384 54627 -495 -416
2385 50013 495 78
2386 54643 -358 -37
2387 51380 350 335
2388 52012 -108 -62
2389 52068 234 31
2390 51207 -344 -489
2391 53177 462 466
2392 51590 -321 -281
2393 52708 475 327
2394 54584 -409 -134
2395 51113 447 0
2396 54061 -253 -460
2397 53657 5 123
2398 54106 -268 -314
2399 50597 186 310
2400 53119 -495 -427
2401 51177 184 165
2402 54757 -291 -405
2403 54579 139 254
2404 54356 -419 -387
2405 51150 360 324
2406 54425 -490 -208
2407 52336 402 206
2408 53192 -489 -193
2409 54104 252 121
2410 52061 -390 -244
2411 53405 118 485
2412 51876 -486 -490
2413 50994 242 10
2414 54966 -123 -166
2415 52976 257 488
2416 53600 -115 -475
2417 51528 356 202
2418 52469 -188 -298
2419 54332 107 173
2420 54125 -201 -2
2421 53691 211 92
2422 52680 -311 -175
2423 50819 22 97
2424 53185 -94 -220
2425 54304 261 178
2426 52120 -287 -368
2427 51075 154 80
2428 52437 -232 -423
2429 54729 218 96
2430 53682 -4 -354
2431 50345 424 107
2432 52350 -207 -101
2433 52179 249 160
2434 51623 -429 -482
2435 54400 55 104
2436 54351 -300 -387
2437 54924 41 375
2438 53179 -111 -316
2439 51058 162 367
2440 50311 -92 -143
2441 53514 80 351
2442 51233 -390 -114
2443 52869 337 299
2444 52034 -91 -344
2445 53738 496 418
2446 53605 -169 -441
2447 54821 52 311
2448 53536 -125 -495
2449 54676 107 240
2450 54564 -332 -245
2451 51158 56 179
2452 52837 -323 -437
2453 53579 335 295
2454 50805 -110 -132
2455 51179 423 299
2456 51927 -119 -422
2457 53084 346 344
2458 53215 -465 -50
2459 54790 50 121
2460 53555 -449 -197
2461 53917 201 102
2462 52645 -238 -423
2463 51550 100 392
2464 51621 -302 -151
2465 50732 404 280
2466 52184 -396 -451
2467 53791 318 99
2468 53238 -398 -388
2469 52609 62 337
2470 53471 -250 -230
2471 51505 226 141
2472 52806 -329 -371
2473 54526 199 254
2474 51707 -398 -17
2475 52465 0 75
2476 51428 -192 -88
2477 53232 190 437
2478 51321 -58 -142
2479 51408 117 3
2480 50167 -223 -197
2481 52566 257 161
2482 51105 -306 -459
2483 54569 207 208
2484 54487 -129 -428
2485 54425 46 379
2486 50386 -347 -233
2487 52034 80 291
2488 50309 -429 -185
2489 54386 157 282
2490 54992 -20 -62
2491 54277 154 227
2492 51104 -451 -83
2493 53838 64 257
2494 54590 -98 -31
2495 50953 83 499
2496 54664 -203 -343
2497 51816 488 487
2498 54069 -254 -390
2499 51049 216 444
2500 53173 -116 -423
