53479
52118
53265
52982
50288
51519
51304
52547
52028
54443
52262
52454
52408
54546
53714
53091
50679
50506
54231
51608
54774
54162
54689
53231
52352
53839
54813
53741
53775
52202
53122
51053
50703
51256
51927
54961
50284
54872
50930
53569
53113
52381
54713
52548
50449
52800
50086
51316
51417
50669
53094
50170
50357
51124
52206
53442
53423
52394
54005
52244
54637
51606
51001
53566
53440
50269
54795
51357
53846
51408
51150
54395
53711
52008
54921
50664
54063
51996
54462
53132
51935
54763
54379
52230
54386
52514
54714
53890
50708
54212
53101
52727
54958
52588
53654
54041
54095
51686
51278
51433
50975
51534
51121
50214
50135
53031
53514
54124
50598
50513
54979
54240
53707
53052
52133
52535
53876
54776
51218
51278
53903
50288
50455
50243
52921
52022
51815
51070
50668
52821
54567
51059
52518
52417
53548
52424
50190
54697
52184
51080
53477
52419
51895
51409
54954
54219
51925
51212
50851
54716
50821
53064
51194
52643
53068
53377
53853
54569
50841
54198
52543
51644
53857
53514
50364
53538
54041
51008
50921
50432
51262
50662
52214
53712
53258
51741
52720
53553
52333
54484
53049
50152
50038
53671
50429
54954
54020
50453
53735
51941
51658
51951
54367
50998
51768
53561
54967
50153
54114
52558
52193
54839
50375
54904
51199
53198
52033
50331
54754
54056
54046
54593
54258
52016
51635
50118
50480
51015
53868
53965
51787
51552
50521
54779
53971
50004
53367
51909
54800
50956
54024
52855
53761
50621
52673
53950
51781
51140
53564
51978
52111
54184
50959
50718
53527
50766
53051
54009
51854
51918
54321
50942
52162
54149
54804
53559
52252
51813
53378
52253
54050
52504
51961
50363
51472
54040
52439
52541
51999
51077
53890
50435
51217
53000
51735
54058
53322
50833
54660
50236
54022
52442
51102
52531
50595
52686
50296
51476
52705
52000
53400
50761
51108
54957
50371
50519
54035
52423
51314
51122
54999
51847
53793
52753
54805
54317
51305
50072
50355
52475
51933
50801
52593
54319
53089
51335
50213
53668
53792
51463
50440
50366
54705
52551
54984
50904
50956
52794
51977
54120
53658
52858
53650
53418
53939
53352
52759
54109
52434
50378
53825
50928
50278
52435
52600
53796
53933
51625
54956
54722
52214
54561
52494
52818
52969
50613
50317
54853
54955
53992
53952
53225
52930
54298
51688
53996
53933
53625
52883
52812
51801
50659
51464
54340
53149
50666
54412
53619
53224
53251
51396
52692
52551
53409
52180
53941
51182
54962
53684
51842
51182
52484
54092
52998
51414
54765
52728
50487
50762
51608
51762
50406
54367
51680
53630
51835
52938
53233
52545
53493
54356
53026
54125
51520
54505
51617
53524
54377
50281
53924
54749
53107
51046
54106
51334
51890
52667
50936
53756
52775
50154
50191
54662
51425
54717
50936
54860
54680
53942
50093
53277
54138
53248
54064
53541
54685
52909
52268
50723
52040
50426
54057
51432
50714
51863
51893
52665
52652
50926
52271
54186
54224
51819
51204
51775
53390
53318
54973
50950
54007
53260
54847
54950
54338
52131
51109
51824
50639
51097
52568
51540
53217
50783
53716
51403
53092
54239
54603
53097
54285
54594
53193
51056
53407
54272
52934
52082
53096
52050
51682
53304
52248
54218
51986
52813
50282
53449
53419
50958
51016
50296
50616
54164
50641
50335
51378
53791
52243
53407
54824
52423
54417
50520
52948
52522
53618
50293
50126
54189
52862
54513
52402
51968
50423
50174
54959
50747
54148
53894
51266
52016
50526
53685
52983
53075
51830
54476
50335
53327
50927
54472
53927
53182
50428
50792
53265
53902
53116
52158
51836
54609
51002
53429
52455
54711
52334
51552
53127
50712
51779
51980
50281
50748
51806
54975
54955
54932
50059
52853
50016
50579
50580
51182
53688
52501
52937
54756
50149
50814
54893
53089
52720
50412
53177
52044
54831
51644
52285
52845
54134
53306
51748
51900
51241
52522
52660
51720
52432
52112
53371
53460
52657
52657
51287
50408
51617
52340
52342
50650
51072
54822
51400
54509
52788
50298
50699
52217
53589
54338
51902
50341
53497
51684
52701
50882
54585
51523
53036
53440
53746
54180
52877
52828
50198
52570
52240
53013
54107
54695
53179
53579
53201
52478
50611
53952
53287
53706
51564
54787
50296
51255
53516
51080
50010
51157
50691
50324
53082
51462
54179
54608
51336
50588
51675
54020
52149
51794
54242
50881
51177
53356
53097
50464
51386
53766
51019
53010
51551
53186
50456
51147
50214
50573
54401
54907
52259
53113
53793
53842
50305
53868
51177
54162
53229
54173
54914
52603
52891
51117
53796
51445
51090
53997
53542
53828
54886
54585
51014
52448
54058
54479
53390
51422
51710
50156
50913
51735
52363
53040
51199
50114
51525
54468
51041
52956
54455
51176
54492
50468
52639
53494
50114
54332
51092
50422
51039
50514
53414
51428
54810
53125
51914
53083
53810
50816
50709
51099
53680
50531
51916
50417
53162
50592
51755
50216
54043
52505
53197
54945
50543
50046
52476
53382
53414
51183
50848
51991
53893
50137
51347
53940
53277
51048
51145
53216
53813
50152
52506
52154
51610
51309
53758
54614
54397
54081
53844
53207
50023
50850
50588
52118
50672
53120
54909
50928
50254
52314
51006
51951
54394
50751
51451
50360
54896
54261
53035
54743
53108
53552
53708
51295
52255
52859
50433
51661
50787
52166
52229
54775
51629
50876
53964
51637
53715
54749
50690
51871
51231
50922
50485
51112
50600
52266
53711
52403
52008
52737
54831
51992
50532
54281
53193
54704
52083
52479
53203
51427
51655
50297
52634
50827
53170
54450
50045
51430
53627
52339
51690
51284
50063
52638
50572
52681
54029
54359
51084
54414
52194
50382
50860
54056
52844
53517
53204
53833
53582
53586
54772
51780
53171
53997
50717
53728
51873
54527
51220
53424
54989
54500
52171
51267
53087
52741
52611
50552
50828
54608
50652
51251
54384
52113
54799
52875
53143
54672
50396
52315
50972
54923
54808
50179
51389
54786
53481
53677
52874
52062
52871
53415
50893
53883
54303
51302
54794
53582
52836
51259
50784
51032
54365
52178
51949
52422
54447
52137
50088
52441
51496
51320
53964
52440
50827
51899
52826
53944
53756
54211
52460
53988
51771
54438
50816
50034
52490
52639
51951
50232
52766
52879
51797
52691
51196
53195
51231
52628
53225
54797
51812
54571
54626
54335
52109
52461
51175
53378
54410
50222
54341
51548
51124
50255
50494
51804
50597
51382
50819
54977
53825
54871
52375
53066
50202
52468
50790
52988
51801
50070
53861
51131
51580
53643
54231
51004
50327
52420
51652
50368
53536
50047
53238
53819
52453
51634
52775
54176
50355
50932
50512
51637
54314
53186
53395
51432
50099
53787
51932
50469
53725
50685
54112
53868
51724
53425
54676
52206
51095
50337
53048
52981
53365
51172
50791
50683
54311
54890
51920
54455
53246
50487
54161
52463
50391
53006
51719
54487
54716
54350
50283
53082
50445
53821
52134
54695
51444
52528
52037
53107
53521
50860
50804
54126
52505
50183
52613
52722
51998
50194
52650
53719
53001
52016
53365
50599
54789
54987
50022
54239
53625
51062
52531
50464
50209
53518
54236
54923
50573
53869
50878
50881
52617
54667
54530
54498
50363
52557
51289
52929
52430
53167
54223
52416
52615
51526
51829
54811
50329
54676
51486
50450
53912
50883
50138
52365
51988
50731
52050
53832
54190
54376
54551
50114
50145
52332
53742
51108
53807
51342
54157
52373
53821
54495
50511
51940
50849
52398
51404
50881
53805
54864
50606
52284
52493
50560
54584
54138
52056
54188
50772
50492
52955
52907
54946
52923
51588
53049
52256
52994
54960
52221
53782
54626
52624
52350
50706
54789
53297
54962
50080
52264
52090
53320
54799
50208
53461
51115
54568
50814
52845
54810
50937
50723
51082
54068
54671
54431
54990
50064
52064
54564
53830
52817
52515
53095
51534
52105
51588
52274
52731
51123
52881
53143
52124
50429
53758
53675
50776
52316
52802
52442
52709
53926
52538
53851
51878
52583
53183
51992
50546
52084
53969
51544
51774
51052
50096
54112
53900
51428
54476
50445
54363
52437
52751
54362
51558
52166
54446
50634
52875
54983
51225
54208
54796
54527
50459
52308
50271
52045
50863
51560
52581
52421
50889
54858
51646
52716
53340
50433
52579
51101
50502
53984
53278
50371
52959
51285
53505
50604
50962
51277
52126
51441
51921
51933
50627
54899
51820
54561
53508
51565
52574
51451
50798
52640
52884
50874
54196
51826
54317
53219
50069
53462
53608
50955
50904
51967
50295
53735
50323
53134
51161
50665
52013
53917
54665
51133
54405
53972
52701
53888
51437
52353
53449
50026
52775
54085
50754
54259
51392
52982
54389
54090
51434
53615
53447
52478
53345
53517
53226
54370
51530
50228
50067
51622
54406
53191
53679
54020
54607
53107
54097
54095
51030
54802
51055
52907
51571
53251
52515
54117
53945
53989
50399
50408
54408
53572
53778
50795
50774
54704
50980
50019
50008
51706
52988
53893
51163
51206
54806
53810
53934
52156
51415
50371
51858
53080
52399
50604
53995
51288
50812
50228
53514
53195
50045
54141
51487
50888
51974
53422
52103
54947
52897
50113
50020
51112
52336
50398
52488
54729
50866
51255
53194
54625
53986
54376
54983
53758
50791
50689
53651
53161
50482
52177
53802
53923
51393
53088
50162
52462
53626
54997
50106
50737
52729
50269
51250
54167
53606
50616
50298
51419
53667
50393
51645
52314
53271
51771
51227
50405
53517
51530
51585
54510
53434
50233
54168
50262
52930
50642
52790
53795
52952
50466
52171
53017
53127
51413
51300
50422
52279
50651
53313
53793
53349
54230
54600
52627
50355
54907
50720
54378
52252
52190
51350
53157
51055
51216
50913
50387
51323
51431
51314
52265
50483
53286
52145
50510
53650
50131
54475
50271
54081
52791
54674
51487
54736
54734
50464
50597
50942
52500
52719
51622
51835
50549
50691
53545
54493
51670
50132
51174
51706
54963
54381
54985
53774
53300
52368
52437
50784
54043
54920
52935
53546
52374
52221
54033
52397
53284
51220
53197
51060
50180
50872
51473
54983
51317
54553
54366
52108
53392
50997
52666
50205
52185
50788
51561
54882
54214
50619
53118
51787
54002
54284
54947
53124
53476
50016
54710
54642
54773
51812
51890
53294
54467
52738
50035
50233
54018
52909
50269
52680
53839
53811
52869
51214
54243
52368
53016
54806
51464
50422
54425
52057
52750
50077
51790
50109
50107
51340
53195
53173
53215
52128
50001
53205
50403
50970
50997
53342
52305
51062
52257
51211
50283
54850
51488
51467
50799
52651
50877
50252
53836
51743
50727
50849
54485
52161
54599
50780
54959
53612
54174
51305
52805
52781
53045
53069
53351
50947
50028
51412
50404
50219
50536
50984
52604
54118
53321
50628
52360
54290
52923
50513
52405
51654
51537
50639
51045
50922
53510
50388
51897
50471
53370
50423
53580
52236
54027
52154
50685
54960
54024
50405
50146
54945
54031
50441
51071
52247
50702
51233
51721
54959
51138
52761
54782
51469
51519
50652
53444
54353
53026
52149
53641
54796
52082
53257
51972
54019
53233
51661
54079
52187
53055
50207
53254
54248
53146
54363
50926
52756
52565
50966
51325
51713
53603
54446
54969
51163
50167
51349
52467
51309
54055
52896
51640
53919
54303
54945
50094
53306
51725
51497
50341
51648
53011
53000
50233
51075
54975
51628
54402
53578
50336
54590
54419
54082
53082
50125
54240
54343
51911
51355
51525
52595
52172
50382
51890
50519
50440
54892
50779
50583
53805
52681
54400
52991
53717
52857
54537
53778
52448
51675
54610
52621
53472
50410
51634
50098
53460
51767
51762
50932
51584
53015
54263
52040
53580
53861
53642
54385
52430
54147
50256
52795
52535
50131
50569
50959
54120
53852
54583
54354
53561
50981
51993
51091
50451
50866
51198
54952
52537
51915
50166
52310
54440
53825
53398
54610
52532
53454
51509
51384
51852
52677
50897
53952
51025
54839
52474
51960
51190
52470
50637
50518
50458
50871
50180
53586
51257
54908
53277
50887
54613
52415
54953
53307
53785
50126
51049
53242
50582
51295
53526
51241
53137
53777
50304
51844
54313
51587
51174
52114
51802
51576
50487
52201
51973
51757
53748
52080
54576
50638
53561
54075
51451
51352
50796
50634
53078
52419
51362
54180
51897
53114
53479
54301
53774
51629
54350
52378
54358
53027
50522
50419
51069
52760
52992
51038
50161
54734
50813
51182
52102
54798
54670
52596
50121
50883
52133
50049
51020
52429
54177
53374
54427
52965
52972
52535
52352
54351
51242
50720
54588
51602
50203
50997
50380
50612
51657
52677
51581
54829
51094
53451
50429
52915
52936
50838
53638
54703
52677
51362
51854
53640
53919
50604
50938
50258
51465
52893
54854
51840
52532
50861
50824
54570
50982
50354
53075
50356
50964
52365
51892
53194
54076
50468
50840
52229
54524
51642
50375
53379
52282
53853
50594
53600
53981
53389
51403
53878
54390
50057
54865
53256
54736
53129
54550
54834
53691
51887
52526
54295
53070
52548
50601
50123
50185
50203
52616
54720
53051
52030
50314
50047
51975
51521
50051
50306
50839
54552
54735
51699
51651
51298
53748
54727
53490
53911
53036
53198
51577
51747
51813
53369
54031
50912
50180
50061
54853
54655
51681
52470
51650
51926
52925
50934
50159
54476
54873
54986
50535
51481
54910
54924
50534
52843
51148
51992
52859
54728
51267
52601
51036
50695
52166
52923
52291
54279
51269
54980
52206
52030
50413
51409
53240
50066
50028
50083
54774
52777
53959
53624
51387
52294
51861
50687
54587
52689
53860
52665
50982
52954
53589
51527
53160
52302
51710
53366
54298
51915
52068
54125
54943
50190
50683
52042
51269
51105
53079
52781
54983
50369
50200
50938
54239
51983
54652
50505
51705
51587
50148
53591
52766
51192
51994
54868
52646
52083
50396
50955
51767
51586
53653
52553
52645
52742
54376
50154
52735
52438
54464
54223
54116
53231
53134
51194
54905
52926
51797
54182
52399
50608
51752
51130
51304
53683
50011
54218
52637
50164
51901
51040
52955
53962
51214
51467
51077
50192
50743
50772
53216
53444
52659
52060
54792
54144
51076
53462
52804
50518
51466
50296
52570
53705
54073
50092
52607
52270
54767
50262
53448
50731
51917
51954
52484
53785
54505
50575
53217
54110
50765
53432
53963
53332
52361
53340
51098
51764
54222
51024
50021
54216
51295
50668
51592
53351
53422
54584
54391
53768
51897
53204
51053
53104
52294
53571
51241
54690
54327
52171
51048
54763
51021
54226
51433
52039
53312
50737
50293
53448
53670
53373
51007
53191
53786
51484
50877
52577
50359
50938
51266
53692
51498
54748
51496
51137
52756
54113
51056
54076
52827
51888
50241
53254
50830
51168
50637
51151
54208
54602
53223
54408
51216
52635
50973
51435
52201
50619
52423
52427
52200
51496
52845
52441
54603
52836
50571
51819
52911
54251
50178
51991
50872
53325
53435
52066
52675
50132
54845
54062
51221
53320
51394
52450
51873
51722
54530
50722
53498
53281
51329
53178
51534
54567
54431
54113
53355
52507
52773
52524
53614
53353
50181
50567
51893
54723
51818
53368
52327
54346
53092
50863
51274
51993
50463
51944
54840
51044
54454
52006
50473
50414
54747
51232
52180
50825
52249
51949
50770
50427
51603
51052
54522
53631
54918
54962
52663
53197
50301
51983
52766
53590
52335
54347
51685
54217
53342
50151
54908
52995
50641
53654
54889
53389
52059
50629
51582
53546
50964
50645
50452
51199
52313
51747
52823
51170
52032
53531
50322
52437
51002
50120
54832
50011
50877
54139
53892
53535
50353
50961
50535
50333
54588
52383
52382
53510
52674
54275
52691
52758
50283
53026
51793
53632
52235
54253
52440
53801
51245
50037
53813
51345
54830
53739
53645
50587
52937
50329
50951
54622
52479
52506
53126
52804
53947
53815
54913
50440
54555
53981
50518
51067
52449
50138
53431
52599
52663
53910
54490
52417
52529
50780
54804
54000
54502
54089
54253
54020
50406
53285
54193
52371
50921
53419
52248
53506
54383
51534
50991
51816
52867
54974
50779
53166
52028
51832
53210
50980
52983
52310
54733
50281
53320
51016
50181
54868
53694
52186
52753
50322
50550
51693
52336
53764
51541
51524
51244
52722
